   16.290802
   -10.325481
    77.311554
     4.956679
     3.699409
     3.614340
     4.009480
     4.621619
     2.696782
     1.669694
     1.847632
     3.275373
     3.903460
     5.377649
     5.556855
     5.317943
     5.824599
     5.672203
     3.419980
     3.483451
     3.254558
     4.030888
     2.727571
     6.340472
     9.735534
    10.982676
    12.244994
    11.049333
    11.624422
    11.025912
    10.935624
    11.192333
    10.030123
    13.993069
    16.751858
    13.476529
    12.103262
    11.580923
    10.395640
    10.898661
    11.877414
    11.761501
    11.800160
    14.302400
    12.059228
    12.508162
    12.705530
    12.209567
    11.680174
    11.314362
    10.541742
    11.637853
    13.920124
    14.539616
    12.850190
    12.179724
    12.223807
    11.695831
    11.225849
    11.176296
    11.558331
    12.056619
    13.621218
    13.573112
    13.107348
    13.773676
    13.860734
    13.303125
    12.550286
    12.465965
    12.866167
    13.628014
    14.309340
    13.757705
    14.663419
    15.530722
    16.272041
    16.039913
    14.929995
    14.166306
    13.579398
    14.689985
    16.373096
    15.197248
    17.543882
    19.210699
    20.647535
    20.533880
    18.716976
    16.603743
    15.977658
    16.280252
    17.135830
    17.576021
    17.902668
    21.574141
    22.824265
    24.437830
    20.817486
    17.964651
    16.246868
    16.824299
    17.989109
    18.204802
    19.350266
    19.734829
    22.309965
    24.517620
    22.844456
    20.260540
    18.858999
    18.744253
    19.666285
    19.566343
    18.498318
    19.462826
    22.253004
    24.132004
    23.285130
    22.005552
    21.190851
    20.869152
    21.500298
    20.719250
    20.420448
    22.196461
    23.534456
    23.358341
    23.392742
    22.195389
    22.487337
    22.527515
    23.818312
    22.555670
    25.136374
    25.288498
    31.432560
    35.117077
    25.337826
    24.992170
    23.517548
    24.137390
    24.908590
    21.912903
    25.787355
    31.663952
    43.790337
    39.663982
    31.213301
    27.795815
    25.992126
    25.768280
    26.006594
    20.669130
    22.666969
    27.977098
    33.270100
    34.238178
    32.546432
    30.254810
    27.772711
    26.804747
    26.372948
    19.169960
    20.102100
    22.224760
    25.220572
    27.073975
    27.869823
    27.434164
    26.717941
    26.511826
    26.106468
    17.813374
    17.637558
    19.129875
    21.053631
    22.574333
    23.633497
    24.794966
    25.551670
    26.008068
    26.888630
    15.521351
    16.710546
    17.535593
    19.438061
    20.708359
    22.781919
    24.840816
    26.197460
    27.016325
    26.855011
    13.195516
    15.949202
    17.118141
    18.754826
    20.828964
    23.209032
    25.403784
    26.344448
    23.946205
    22.198713
     7.145883
     6.523398
     8.252631
     7.080013
     7.417033
     7.113581
     4.991714
     4.600317
     3.653039
     4.003929
     9.639128
    10.323750
    12.826657
    13.511667
    12.667429
    12.058100
    11.499577
     8.524414
     7.256835
     6.316916
    13.435785
    12.028700
    19.755676
    14.677374
    10.832082
    11.260154
    13.418535
    12.257657
     9.808683
    12.798226
    13.991323
    14.365942
    12.246908
    12.400801
    11.900239
    11.463471
    11.641983
    10.166432
    11.870295
    14.898340
    12.315663
    11.242216
    11.509671
    10.004746
    10.406199
    10.706644
    10.139592
    10.450155
    12.552703
    14.175148
    12.465673
    10.888223
    10.214561
    10.642840
    10.308222
     9.648358
     9.994037
    10.745232
    13.305223
    14.751124
    12.273184
    12.630766
    11.915301
    12.587065
    12.086054
    12.221884
    12.604916
    13.634556
    14.626442
    16.453039
    13.585090
    14.162462
    18.917248
    24.882116
    22.201340
    17.833124
    15.174289
    14.873926
    15.288943
    17.830805
    15.054429
    18.130762
    29.494457
    48.453224
    28.287693
    18.947018
    14.509027
    14.139623
    15.342712
    17.489204
    16.471022
    19.736572
    33.523838
    43.828377
    20.145939
    15.763812
    14.513233
    14.760165
    15.892027
    18.324377
    18.087692
    19.163397
    27.635084
    24.832186
    21.852528
    18.142971
    14.722379
    14.760053
    15.787180
    17.877010
    16.970846
    19.113302
    23.253590
    29.413786
    29.107651
    23.082748
    20.458630
    21.160946
    21.697649
    23.079430
    16.648649
    18.195045
    21.683887
    26.398817
    30.497290
    30.962017
    29.719042
    28.842426
    28.401974
    28.415421
    18.538130
    20.657864
    24.641632
    31.124798
    34.849537
    30.915115
    29.058764
    29.986614
    29.545200
    29.704643
    21.876158
    23.921003
    28.464912
    35.278034
    40.918697
    34.481770
    29.339872
    29.074574
    28.793308
    29.567719
    21.963501
    24.202999
    25.933128
    31.636150
    32.988888
    32.930855
    29.384993
    29.747959
    30.017427
    29.994629
    20.478302
    22.811337
    24.927378
    25.445898
    28.841974
    30.918476
    29.118637
    30.065577
    30.009167
    30.394600
    17.259491
    19.244198
    21.424397
    22.669256
    25.379185
    28.705210
    29.203213
    30.185307
    31.127079
    30.930199
    15.863710
    16.360468
    18.542971
    20.401340
    23.907940
    27.274740
    28.487986
    30.467556
    31.570381
    31.510456
    15.210698
    16.162411
    17.219196
    19.504612
    23.000294
    27.275330
    28.580402
    29.347462
    31.133564
    31.998787
    10.976453
    12.192842
    12.769122
    14.744999
    14.623363
    13.873254
    13.566504
    11.466547
     9.928084
     7.280268
    13.723702
    13.649668
    19.252018
    24.120514
    22.368305
    18.164734
    15.014427
    11.770126
    13.646723
    10.834360
    19.185314
    13.414037
    19.871096
    23.149292
    16.739437
    15.877234
    13.208742
    12.101036
    13.996515
    15.839755
    13.518751
    11.739295
    12.839449
    17.320000
    13.647620
    13.668564
    12.063002
    13.565653
    15.306166
    16.116730
    10.441886
     9.772324
     8.856169
     5.894579
     7.796120
     7.812725
     9.632052
    11.083094
    14.327111
    16.852791
     9.502413
     9.998421
    11.192923
    12.258723
    12.062893
    12.004419
    11.005436
    12.060615
    15.408128
    18.113508
    10.783084
    13.505194
    21.389622
    21.951292
    19.676638
    16.473415
    13.818086
    14.762240
    17.958935
    20.117973
    15.930573
    21.644123
    26.814619
    28.171337
    26.547215
    18.296623
    15.773537
    15.987539
    17.815258
    20.412867
    19.319059
    22.871040
    28.019945
    28.329100
    23.176350
    15.307947
    12.822250
    14.262850
    19.329542
    20.816605
    21.436289
    13.744949
    20.914864
    28.679522
    17.216869
    13.490285
    12.956031
    14.457293
    16.440458
    20.557905
    18.589096
    11.921462
    13.743140
    20.292850
    23.374321
    17.637812
    15.800735
    17.281013
    18.713650
    21.990238
    17.541115
    17.166265
    17.690495
    18.051409
    22.621281
    23.143772
    23.062946
    24.577345
    28.105534
    29.478251
    18.750671
    18.937418
    24.015734
    31.684101
    33.494789
    30.886477
    32.605026
    36.511147
    37.147827
    36.680843
    19.224461
    21.522421
    25.731642
    34.135899
    46.042572
    45.520500
    43.043186
    43.293510
    43.591927
    41.543190
    19.032955
    21.761225
    28.763929
    36.004261
    40.457638
    37.326115
    38.168850
    38.880909
    39.852577
    38.966621
    18.801861
    21.854021
    27.434149
    34.073795
    36.622166
    35.110153
    36.161610
    37.608524
    38.398205
    38.564980
    18.296774
    19.144794
    23.082897
    28.430595
    33.165039
    33.801430
    37.715221
    38.776180
    38.818623
    38.824650
    19.343510
    19.001074
    19.855940
    22.441547
    27.120731
    31.282803
    38.241627
    38.835857
    39.451073
    40.488815
    17.073818
    18.474922
    19.609858
    20.736938
    25.242226
    29.075172
    40.078995
    39.124996
    41.741310
    45.159416
    15.928041
    16.528225
    18.341663
    21.263548
    25.445360
    29.637505
    38.819431
    37.205654
    39.367844
    44.004940
    14.321762
    16.372135
    19.487278
    23.146351
    20.828707
    16.546307
    14.871966
    15.753683
    17.490574
    16.492172
    13.984039
    14.982061
    24.071735
    23.914207
    22.435343
    18.308676
    14.572937
    15.078197
    19.121681
    18.424734
    16.834671
    18.788252
    16.567436
    23.959114
    16.703104
    13.338721
    15.285274
    16.824600
    19.753242
    21.401106
    12.076055
    10.456215
    11.147990
    11.013778
     8.871878
     9.167501
    11.002111
    15.122665
    20.014637
    23.552742
     9.872957
     9.101869
     8.540659
    12.779822
     7.308911
    10.185355
    10.893615
    14.842162
    19.072201
    22.695452
    13.048007
     8.491961
     9.071420
    13.142078
    12.637856
    10.994042
    15.801252
    15.925808
    21.396385
    23.806667
    11.888183
    15.037338
    18.150829
    18.608303
    20.298208
    16.213387
    16.004227
    19.758869
    24.347801
    26.637815
    15.885610
    17.591610
    19.566568
    10.891577
     9.718288
     8.708292
    10.897620
    18.107391
    23.235651
    28.805996
    15.119537
     9.300783
    23.534971
    29.354572
    11.903379
     9.554968
    10.782445
    13.740148
    22.595181
    28.277279
     7.897153
     8.407448
    13.716207
    16.627449
    11.990107
    11.597720
    12.078575
    15.478243
    22.910755
    29.985003
     9.195101
     6.900903
     9.065712
    14.473881
    15.941427
    15.876684
    16.063608
    18.780796
    26.119549
    33.266666
    11.952592
     9.721113
    11.514133
    15.814152
    21.654758
    24.047222
    25.952229
    28.566561
    31.967560
    38.537548
    16.179029
    17.001911
    17.274761
    22.542654
    29.761768
    38.972836
    44.645870
    54.485760
    58.362007
    53.894073
    18.964146
    18.784496
    24.295872
    34.093803
    45.848816
    56.385330
    59.160503
    59.819782
    65.380768
    61.168655
    19.801964
    23.338758
    27.847958
    37.094177
    45.792900
    48.028912
    52.310551
    51.869118
    54.926132
    58.176697
    18.559238
    21.842724
    30.652628
    43.983551
    44.718643
    44.310623
    51.706993
    49.246845
    50.912914
    54.876945
    17.905041
    19.008060
    24.584896
    30.957066
    34.863937
    41.363441
    56.637661
    49.596043
    50.765911
    54.600693
    17.582874
    17.388046
    19.390427
    23.553444
    29.506247
    35.993755
    51.634495
    47.799500
    52.621956
    60.108551
    16.991619
    16.217838
    18.217804
    20.163115
    25.251595
    30.678448
    40.347057
    41.243732
    46.988239
    52.006020
    17.311386
    17.579556
    18.238169
    20.078732
    24.205050
    27.027317
    32.760208
    37.286560
    39.197643
    39.731716
    15.328392
    14.840597
    18.558231
    20.803104
    20.056599
    16.826643
    16.600056
    21.963209
    22.290209
    24.962872
    18.248306
    21.835310
    25.547760
    25.020391
    18.722548
    20.531731
    20.526649
    21.560656
    26.129440
    30.110888
    15.897460
    15.422673
    23.650623
    18.571678
    13.197067
    14.682682
    17.258883
    20.934713
    28.571310
    32.970058
     9.157520
     7.473051
     9.595680
     9.605726
    11.565251
    10.095869
    12.016688
    18.425823
    29.261198
    35.295193
    11.945334
     6.883445
     8.125032
    10.968431
     6.735845
     6.896944
    15.696786
    19.390539
    28.905575
    35.406078
     7.966607
     5.346616
     4.629952
     5.567832
     6.861737
     8.634944
    14.908256
    21.006149
    33.351128
    39.530869
     6.857943
     8.157375
     8.371823
     6.698452
     5.310285
     7.856015
    11.136382
    18.453251
    33.474335
    44.995628
     8.761722
     2.117473
     2.271282
     4.631187
     5.400598
     5.458942
     9.385862
    17.158413
    30.296507
    44.364651
     2.516001
     4.391657
     7.166068
     8.299219
     5.770423
     6.048891
     9.086467
    15.863635
    28.078978
    38.967087
     3.476788
     2.949402
     6.369667
    11.374643
     7.552499
     8.260928
    10.465569
    15.666704
    26.007574
    34.717857
     5.129946
     4.012558
     6.198781
    10.054776
    10.795074
    11.976693
    14.537945
    18.458599
    25.097002
    30.689640
     7.995425
     5.710421
     8.109302
    11.247160
    15.901576
    21.339859
    26.981407
    25.182554
    27.991611
    30.512226
    10.737480
    13.140760
    14.709222
    20.040144
    26.475407
    37.848946
    50.834248
    46.034531
    42.053211
    38.489319
    15.483438
    16.723961
    22.444281
    32.238750
    38.277237
    47.931892
    67.534790
    61.422874
    49.081417
    43.226700
    17.967695
    20.423367
    25.368923
    36.228523
    51.866631
    54.048965
    66.408951
    56.140816
    50.102856
    45.181786
    18.180521
    22.209894
    28.249819
    43.063095
    43.822205
    47.701641
    60.206734
    53.236229
    46.147926
    45.246902
    16.907915
    20.040869
    24.869244
    32.830387
    34.903553
    39.066647
    46.642506
    45.986828
    46.922024
    47.530506
    15.678286
    16.414530
    19.577934
    24.393763
    28.591961
    32.809479
    37.803246
    41.053299
    47.711681
    53.322517
    16.043081
    16.110161
    16.700031
    20.057632
    24.497263
    27.958967
    32.180878
    36.941853
    45.710533
    52.132149
    16.437963
    15.833157
    17.059414
    19.305523
    22.686289
    25.113554
    28.527719
    33.042389
    39.150261
    42.984222
    17.196087
    17.300642
    18.744680
    20.748486
    21.205807
    21.187208
    20.803444
    25.569746
    36.051765
    41.531166
    19.417675
    15.283422
    13.789858
    17.702845
    14.301794
    14.208876
    18.078695
    26.484461
    41.311581
    50.782265
    15.714892
    12.256838
    16.763361
    16.831135
    13.658673
    12.870342
    14.422653
    24.765882
    40.887192
    54.669758
     9.573944
    10.640439
    16.565426
    14.586149
    12.815195
    12.922143
    14.825352
    21.557156
    40.262074
    56.369698
     6.307359
     4.507554
     1.827900
     1.868805
     3.224988
     7.832768
    13.086906
    21.002491
    37.680954
    46.986336
     2.943004
     2.985382
     4.262691
     4.599016
     4.209222
     6.886329
    11.423824
    18.652708
    32.534996
    42.444855
     5.491596
     2.045968
     0.517934
    -1.015690
     0.115995
     3.403458
     9.517469
    17.093538
    28.388454
    35.018585
     0.179930
    -1.032536
     1.367775
     4.998683
     5.329759
     6.472904
    10.217731
    16.137224
    23.537079
    30.207752
     1.270027
     3.125204
     5.069081
     5.349925
     6.091100
     8.070038
    12.259823
    14.870678
    20.591070
    24.384853
     1.904918
     2.069325
     4.399411
     8.197246
     8.825674
    10.893770
    13.148327
    14.954050
    18.294968
    20.579588
     1.863705
     1.529127
     7.954994
    13.842028
    11.604713
    12.716680
    16.760265
    17.407337
    17.271084
    18.808138
     3.922493
     4.852203
     7.933496
    11.522632
    14.560015
    21.513126
    29.460814
    22.870296
    19.286896
    19.426081
     8.579451
    10.117511
    12.882645
    17.035070
    23.137762
    29.790075
    41.808098
    34.973633
    28.392744
    25.703867
    12.502606
    15.796936
    21.226385
    30.457104
    34.648506
    41.973022
    49.215149
    41.448002
    35.017029
    31.425062
    15.336401
    18.863314
    26.565882
    38.887665
    45.729965
    46.810799
    50.178047
    44.817833
    39.671959
    35.553135
    16.037060
    19.695538
    24.198137
    32.887764
    43.587662
    43.146175
    44.170181
    41.702007
    37.757137
    35.134735
    14.993769
    17.952011
    23.664679
    32.899261
    30.535645
    34.597416
    36.493481
    36.088558
    35.695248
    33.940014
    14.999552
    15.593119
    17.881689
    22.383142
    25.817644
    28.786613
    31.011868
    32.003071
    34.089298
    34.191998
    14.555914
    14.320908
    16.402813
    19.001087
    22.786165
    25.089575
    27.380444
    29.923666
    33.805336
    35.196125
    15.187502
    15.699212
    16.328741
    18.190130
    21.323412
    23.162693
    25.795830
    28.145651
    32.723602
    37.055473
    17.819012
    19.241821
    16.138836
    15.284845
    17.568840
    17.825743
    22.334587
    28.191908
    43.379093
    50.382549
    15.022332
    14.986743
    11.683596
    11.372267
    12.962599
    15.342786
    20.204588
    26.377207
    39.675949
    48.958221
    13.773236
    12.416440
    10.485514
     9.891353
    10.003250
    11.007580
    16.492044
    24.836584
    35.633469
    43.566193
    11.739969
    12.089514
     5.718481
     4.184881
     4.092624
    10.230562
    15.899672
    24.513916
    36.003521
    42.744186
     6.176188
     1.724442
    -1.659203
    -0.019339
     0.982426
     2.913934
     9.852891
    18.814137
    27.007580
    32.922928
     3.383511
     0.076324
    -0.520340
    -0.810548
     0.217741
     2.407776
     8.313357
    16.619827
    24.401459
    28.115841
     0.676311
    -1.577597
    -2.349504
     0.130652
     1.856661
     5.587892
    10.895144
    18.332920
    23.330194
    23.228420
    -0.669712
     0.732046
     2.113021
     3.819213
     5.323663
     8.313871
    14.665586
    21.012920
    22.617426
    20.814363
     2.149792
     2.215742
     4.603188
     3.835130
     3.070830
     7.060639
    13.064569
    18.758041
    19.459545
    18.232430
     2.693774
     1.552007
     0.788820
     2.131444
     4.775847
     9.960419
    19.678219
    20.465542
    17.364574
    14.854635
     4.474073
     3.814094
     4.462416
     8.860641
     9.224153
    14.610045
    24.852463
    19.733307
    13.318599
    12.846796
     4.377896
     6.306710
    11.253072
    17.288219
    15.646555
    20.913509
    27.305754
    18.840916
    13.567462
    12.834066
     8.033857
     8.353666
    14.327322
    21.090466
    20.730093
    21.950193
    23.310181
    21.323137
    17.263973
    16.680775
    10.640087
    12.280586
    19.290825
    29.455973
    29.700787
    29.593327
    31.330557
    26.547216
    23.422384
    22.230263
    12.719828
    15.047902
    21.222530
    31.348780
    38.923729
    39.053154
    37.658386
    31.947044
    29.005976
    26.550602
    12.551614
    16.158134
    23.899897
    31.336462
    40.761322
    38.982201
    36.932003
    34.537838
    31.642801
    28.101398
    12.609537
    13.351063
    17.546684
    23.989876
    29.065735
    33.940224
    32.847374
    30.810099
    28.635944
    26.629019
    12.335059
    13.077597
    15.990975
    19.330305
    23.215408
    26.298756
    27.157412
    25.907431
    25.301479
    24.806906
    13.204138
    12.766418
    14.360613
    16.745289
    21.155766
    24.848783
    24.702221
    24.033072
    23.938490
    24.613829
    14.220967
    14.765140
    15.635300
    17.800892
    21.155964
    27.818893
    26.166569
    24.052143
    23.594334
    23.722078
    16.417307
    13.826195
    14.261675
    14.167643
    12.714835
    14.994444
    19.948032
    27.264727
    38.331654
    48.725025
    12.869920
    12.392646
    12.150352
    11.434927
    11.808973
    13.401400
    16.930906
    24.871431
    33.736916
    48.069542
    14.215635
    14.477472
    12.306189
     9.585411
    10.408258
    12.536531
    16.515099
    24.292585
    33.927498
    40.967426
     8.021540
     3.761360
     4.660241
     3.775947
     5.209121
     8.275771
    15.351726
    27.166506
    40.395306
    44.641937
     4.575557
     0.171800
     7.381439
     2.393190
     0.956239
     2.659235
     6.153260
    15.481901
    28.027664
    28.179478
    -1.064653
    -1.164947
    -1.048013
    -0.875091
     0.009761
     2.350803
     8.205359
    17.377991
    26.986303
    22.674402
    -0.301105
    -0.414514
    -1.632705
    -0.825094
    -0.089283
     2.972544
     8.930544
    20.521727
    23.630653
    17.777805
     0.242374
    -1.143782
     0.290746
     1.561504
     2.590304
     5.252010
    11.791295
    24.113136
    20.978449
    18.921888
     0.962386
     2.214099
     2.247399
    -0.797799
     0.208272
     3.314530
    11.617137
    18.607822
    13.641279
    14.349627
     1.590217
    -0.346706
    -3.856704
    -3.613480
    -0.704623
     4.429774
    11.308786
    11.972971
    10.293141
    11.766232
     3.204410
     0.997239
    -1.640047
     1.643485
     3.472970
     8.243437
    14.434217
    11.895674
     9.777833
    10.698005
     5.384237
     3.943210
     6.965382
    11.442883
     9.083382
    13.261780
    19.017454
    12.962392
    10.265076
     9.311643
     7.327109
     9.007605
    17.114101
    25.587324
    16.223774
    18.100613
    20.714245
    14.567223
    10.096502
    10.117464
     7.572272
     9.837884
    16.879988
    24.066696
    26.524712
    25.692417
    24.863466
    21.194313
    15.191298
    14.712553
     9.095215
    11.783599
    18.132580
    24.677713
    33.572598
    38.383240
    34.876476
    28.795105
    23.907547
    21.400606
    10.058068
    12.959282
    17.228695
    25.485664
    37.009308
    39.662109
    36.554012
    29.818186
    25.421644
    23.286228
     9.880235
     9.943114
    14.417556
    26.003574
    35.404243
    39.998028
    34.411930
    29.219044
    24.894093
    22.784662
    11.557261
    10.008709
    11.413963
    15.935813
    22.548910
    28.287062
    28.104788
    23.184155
    19.663860
    19.063435
    13.448695
    10.925188
    11.550237
    14.919248
    19.867437
    31.746296
    25.222141
    20.692755
    18.861599
    18.846205
    13.091187
    13.122725
    13.810633
    16.324459
    19.900784
    26.870012
    23.784592
    20.300598
    18.786486
    18.188448
    18.107449
    12.922327
    11.878053
    11.279188
    11.636610
    12.686600
    15.852503
    20.479404
    27.445120
    28.414225
    15.374880
    12.486588
    13.214423
    11.665410
    11.712158
    13.410398
    16.397465
    20.499546
    27.508839
    32.987560
    18.458958
    11.474903
     6.825874
     5.155297
     5.589555
     8.621367
    13.989504
    20.343803
    29.184757
    35.302101
     5.080253
     6.002586
     1.016421
     0.949398
     2.300004
     6.726810
    13.307785
    23.558710
    45.415039
    49.587334
     5.050797
     9.266817
    -1.342429
    -2.747533
    -4.313184
    -2.375884
     2.841475
     8.263098
    18.516285
    25.669113
     0.085672
    -2.886200
    -2.918035
    -3.943439
    -2.817475
    -0.322589
     4.167229
     9.869472
    14.974441
    15.992332
    -0.387676
    -0.274418
    -2.920532
    -2.501912
    -2.265562
    -0.260747
     2.757354
     8.169191
    12.330451
    14.201963
     0.743441
    -4.043403
    -4.937044
    -4.717505
    -1.507981
     0.532278
     4.378627
     9.109511
    10.746438
    11.984465
    -0.427404
    -1.575481
    -3.242817
    -5.388481
    -0.298749
     1.061390
     2.232628
     5.647907
     6.467025
     8.692095
    -1.207321
    -1.666988
    -5.566464
    -3.024598
    -0.735711
     2.335308
     5.745656
     5.714412
     3.640373
     6.193974
     0.480440
    -1.369610
    -4.519659
    -2.705239
     9.490980
     6.756641
     8.064554
     7.338135
     3.439164
     5.230157
     2.045766
     0.079377
     0.862064
     3.666874
     7.321529
     9.700503
     7.203499
     4.755242
     3.861055
     6.048330
     5.844258
     4.525069
     9.405845
    15.574373
     7.298339
     8.978664
    10.839132
     8.301920
     7.997547
     5.962333
     4.724484
     9.101708
    18.273731
    20.152384
    25.461309
    27.000507
    28.734610
    17.652088
    11.782385
    10.228981
     5.059194
     8.429957
    12.064807
    22.997372
    33.974022
    49.144482
    46.360817
    25.941338
    18.133747
    15.984596
     5.955676
     7.059265
    10.346370
    21.812616
    30.646770
    44.718933
    40.328331
    26.757769
    19.945568
    17.626461
     6.182631
     6.519426
    11.611860
    19.429855
    32.398994
    50.083591
    37.883766
    24.993229
    19.697063
    17.769699
    10.757976
     5.487708
     7.528436
    11.802352
    23.343344
    34.581158
    26.476339
    20.244205
    16.905193
    15.147128
    11.769608
    11.302396
    11.115018
    13.523243
    18.472042
    23.716835
    21.220612
    16.896193
    15.506559
    15.188107
    12.090343
    11.965908
    11.812559
    13.219989
    16.032816
    17.603504
    17.047264
    15.596150
    14.805596
    14.567356
    18.826950
    17.284678
    13.446066
    11.721158
    10.425146
    10.506619
    12.104703
    15.153971
    18.409185
    19.976858
    20.930090
    15.980072
    13.444545
    13.066701
    10.811266
    10.220701
    11.942102
    15.783145
    18.199453
    21.674545
    22.037920
     9.913666
     7.152256
     4.736646
     4.127084
     5.977413
     9.001342
    16.593393
    21.809330
    25.157587
     7.553786
     5.264718
     2.193524
     1.077159
     0.065928
     2.453514
     7.886124
    14.653716
    25.882349
    28.590298
     6.913981
    10.910710
     2.430817
    -0.595437
    -2.583712
    -2.889622
    -0.469272
     6.663713
    17.601387
    24.489056
     2.512027
    -0.882215
    -7.761462
    -6.838708
    -6.627852
    -4.633241
    -0.342961
     7.243507
    17.141493
    10.378572
    -2.436749
    -4.574891
    -3.551927
    -1.727611
    -0.413907
     1.550594
     1.741059
     4.093568
     7.504630
     9.894021
    -4.026006
    -1.344946
     6.347760
     5.034259
     5.924438
     3.092709
     2.123908
     0.388790
     3.023026
     5.171717
    -4.409164
     4.330338
    11.677100
    13.842123
     8.841867
     2.447417
     5.305208
     2.612476
     1.156493
     3.977226
    -2.830633
    -3.475261
    -0.471134
     4.052281
     7.224823
    12.435277
    14.534136
     8.680128
     7.556062
     1.487458
    -2.057814
    -1.203368
     5.368461
     9.179949
    14.078321
    18.905884
    17.471741
    15.929178
     7.314670
     1.034759
    -0.326551
     3.407831
     8.389220
    14.092038
    14.487868
    18.415333
    17.898935
    11.564092
     1.751510
     2.040444
     1.639986
     1.656360
     6.904119
    15.442761
    11.835539
    11.816513
     5.008644
     1.371278
     1.872611
     5.230870
     4.624104
     6.330718
    11.974014
    13.876408
    16.071220
    17.293367
    13.640127
    10.903990
     8.860082
     5.812369
     1.991824
     6.982691
    10.829496
    24.632078
    26.420179
    33.036945
    31.990753
    19.158085
    11.634206
    10.176573
     2.513186
     3.132012
     6.619186
    14.061760
    20.961470
    30.173500
    27.945669
    19.877758
    14.013564
    12.469641
     4.346534
     2.501897
     4.864203
    10.279325
    20.657370
    39.797089
    32.630043
    19.418335
    13.461164
    12.327949
     8.561285
     6.115763
     5.295285
     8.022950
    14.023374
    22.740992
    20.248486
    15.343127
    12.176015
    12.562363
     9.663455
     9.849771
     9.030355
     9.932511
    11.831565
    14.200344
    13.962568
    12.479383
    11.043566
    11.675246
    11.234980
    10.693435
     9.797458
    10.489534
    11.942354
    12.048662
    11.919317
    12.062291
    11.772782
    12.693362
    25.686665
    22.126503
    17.839170
    14.266919
    11.444242
    10.562282
    11.043408
    12.151855
    13.875902
    16.263309
    31.030499
    25.606960
    15.688091
    13.377218
    10.033976
     7.573264
     8.135154
    10.449038
    12.040868
    15.034227
    32.357410
    13.839118
     9.575586
     5.510407
     4.318265
     4.458812
     6.307729
    10.469131
    15.358061
    17.205233
    11.525760
     7.519355
     4.950016
     0.798247
     0.125586
     1.252809
     4.485301
     9.213751
    13.183113
    17.303505
    10.794495
     6.228785
     5.233301
     1.147728
     1.636009
     3.322968
     7.359587
    13.059318
    17.945621
    19.169130
     8.975535
     7.196628
    -3.904670
    -7.587151
    -9.000040
    -6.956691
    -3.700635
     3.746489
     6.625247
     4.840842
     0.724301
    -6.624278
    -6.346137
    -5.039592
    -5.385446
    -4.250474
    -0.997941
     4.637631
     5.766721
     6.563213
    -2.598978
    -0.942980
     0.624803
     1.928109
     7.659277
     9.458555
    12.013494
     9.485687
     1.442155
     2.153447
    -0.138954
     6.172528
    17.623793
    19.624910
    18.818096
    22.427864
    17.614138
    10.918272
     4.182555
     1.437538
     0.783106
    14.842351
    22.976324
    30.387531
    24.740795
    25.838350
    20.565067
    18.890415
    13.264584
     3.067114
    -2.469008
    11.377153
    14.824319
    20.967060
    24.838667
    29.166466
    29.248751
    24.738277
    13.227667
     2.890218
    -3.498600
    -2.290251
    15.217397
    24.312761
    24.358130
    22.411413
    22.377773
    16.542997
     6.434159
    -0.662753
     0.210221
    -1.321371
     9.784514
    20.809561
    19.422298
    16.325352
     7.452877
     3.565956
    -0.643095
     2.376468
     2.491359
     1.829481
    10.628740
    16.789734
    11.511795
    11.015512
    11.038708
     9.013836
     8.009114
     4.543021
     0.991329
     3.482926
     8.688883
    20.187862
    17.837631
    20.776388
    23.581039
    18.286091
     8.242369
     6.851995
     2.734292
     0.660791
     2.451717
     7.056445
    11.862190
    20.041935
    25.376997
    13.664614
     8.709528
     8.179773
     6.871017
     3.472925
     0.935382
     4.412055
     9.424484
    22.695686
    22.949080
    12.441478
     8.658225
     9.094459
    10.291731
     6.399313
     3.958642
     5.008212
     7.939120
    11.092752
    11.120732
     9.382524
     7.730707
     8.787741
    10.291430
     8.735600
     8.581682
     7.458825
     7.252430
     8.159643
     7.771080
     8.204003
     7.727477
     9.511214
     9.567590
     9.553615
     9.785902
     9.759976
    10.917438
    10.310971
    10.582931
     9.288251
    10.002779
    11.670639
    43.517555
    37.568115
    21.850378
    17.614229
    13.208224
    11.494799
    11.197644
    11.424788
    12.834366
    14.654880
    33.459328
    33.667652
    21.096270
    14.443461
    11.308582
     8.981596
     8.503352
     8.924006
    10.435115
    12.668335
    43.062721
    33.637741
    12.939774
     7.293325
     4.796397
     4.068676
     4.944111
     8.377660
    10.222353
    12.808680
    19.832968
    12.891106
     7.606443
     3.904612
     1.435073
     1.048323
     2.373379
     4.123384
     7.574108
    12.246918
    15.488855
    12.581828
     7.627528
     6.353363
     4.183573
     3.809561
     6.292919
     9.280225
    10.985423
    12.314053
    21.425241
    12.858153
    11.825465
     4.165882
    -0.228591
    -3.451369
     1.593842
     4.371112
     8.952991
     9.796465
    14.352553
     0.838515
    -5.008662
   -10.325481
   -10.069162
    -7.432147
    -2.962697
     5.962263
     2.528503
     4.050908
     0.174084
    -8.044191
     8.454024
     6.707455
     9.995153
     9.952349
    12.683391
    12.242074
     1.607207
     1.253588
    -4.151574
     5.708989
    15.078100
    23.128931
    27.061378
    27.980663
    29.201311
    31.354940
     7.350984
    -1.298584
    -2.969012
    15.852458
    25.492361
    35.219933
    41.433498
    41.252556
    46.791626
    34.776619
     7.181145
    -1.102550
    -1.266609
     9.552217
    27.068249
    37.856617
    38.323193
    40.275490
    35.377350
    26.311550
     8.231295
    -1.769183
     3.865269
     0.134355
    11.171404
    19.117073
    31.018847
    29.047987
    31.481140
    16.872091
    -0.359199
     1.118639
    11.118422
     2.440549
     2.062131
    12.944702
    18.172176
    13.786036
    14.561534
     6.110920
     4.011059
     4.486233
    14.150247
     9.834032
    12.793204
    15.925355
    12.192173
    12.501606
    22.743156
    14.676014
     6.990943
     3.201714
     9.198413
     5.574935
    10.812880
     8.082828
    10.366405
    12.763198
    19.827312
    10.313467
     4.411260
     4.040768
    10.673362
     4.289202
     3.274379
     5.575459
     7.409138
    10.159750
    13.490902
     9.057530
     5.210917
     5.765256
    11.316000
     6.480207
     3.399575
     3.132356
     4.320919
     7.721786
     8.175441
     7.427379
     5.814284
     6.419116
    10.797530
     8.524363
     8.462991
     4.276165
     3.065570
     4.178236
     4.117940
     4.089085
     4.504403
     7.281873
     7.750913
     7.835971
     8.074646
     8.875687
     8.695785
     7.624281
     6.753888
     5.728393
     6.436718
     8.233474
     8.857088
     7.409436
     7.853835
     8.342841
     9.471849
    10.058774
     9.806902
     9.935697
    10.015271
    11.089689
    39.004692
    36.790531
    27.673552
    21.516502
    15.201900
    13.576401
    12.295802
    11.057488
    11.222348
    12.482790
    30.599380
    28.939873
    23.311922
    17.784079
    13.516812
    10.535908
     8.770819
     8.406092
     8.556222
    10.071819
    38.554447
    40.908615
    25.919405
    12.196619
     9.898566
     7.485261
     6.053891
     7.464198
     7.981707
     9.670641
    32.041031
    20.465176
    13.541513
     7.154473
     3.201583
     1.470462
     1.019562
     2.578761
     4.980483
     9.072710
    24.177418
    19.563858
    13.688517
     6.471841
     3.197146
     2.003904
     2.550556
     3.861120
     3.773968
     6.483416
    31.431963
    20.994705
    17.946560
    10.771312
     7.199871
     5.508637
     5.769548
     7.187036
     8.773211
     8.159094
    22.412785
    29.871029
    20.259933
     6.024226
    -4.743521
    -4.615273
    -3.950847
    -1.023037
     0.300260
     4.103809
    18.715765
    14.654887
     4.074349
    -4.888931
    -5.144445
    -2.849336
    -4.828183
    -1.174026
    -0.818707
     2.746888
    18.561136
     4.316589
     4.644912
    12.059255
    23.375998
    23.005592
    15.044019
     5.939420
    -2.860451
     0.623510
    14.893492
     7.541495
    10.201081
    21.959854
    39.179726
    36.028645
    16.183725
    10.207108
    -4.366663
    -0.180151
    15.466648
    10.674524
    11.380763
    21.397560
    30.168594
    36.613289
    18.300722
    -2.765009
    -0.937732
     0.785619
    17.204594
    19.016254
    12.067250
    10.486168
     4.674586
     1.130422
    -2.594015
    -1.009325
     0.330545
     0.110859
    17.030933
    26.006172
    32.732487
    26.388655
     3.687401
     1.593372
     2.058188
     3.941621
     1.412873
    -0.562703
    18.788527
    26.814003
    20.823330
    36.150291
    17.010757
    10.512418
     4.221005
     2.495128
    -0.038434
    -0.373770
    16.739185
    21.919132
     9.755186
    18.121014
     7.745004
     5.610026
     4.658907
     1.254389
     0.809802
     1.867476
    11.413733
    14.028898
    13.081409
     4.514414
     1.231574
     1.703219
     2.648919
     0.210204
     1.100064
     2.007850
     8.711028
    11.242264
    10.467295
     9.954130
     2.157606
     0.975828
     0.484330
     0.738480
     1.740921
     3.865438
     8.112900
     6.198353
     9.354070
     8.711370
     8.520434
     7.605178
     2.693603
     4.027542
     4.282378
     4.953450
     5.925811
     5.756870
     4.570948
     6.486600
     6.260509
     6.132753
     7.035482
     6.466042
     6.882090
     8.289930
     8.109777
     5.979514
     6.521871
     6.847908
     6.259470
     6.351840
     7.091937
     7.510730
     8.361558
    10.360946
    36.825611
    32.398190
    25.144588
    18.988037
    15.739260
    14.177959
    12.993792
    11.599176
    11.321109
    12.451684
    32.043831
    28.914297
    24.452763
    19.105459
    14.539375
    10.915527
     8.448645
     6.564619
     7.553086
     8.847005
    42.501385
    41.073116
    27.714787
    19.646351
    13.640402
    10.295945
     9.040494
     6.856811
     7.532003
     8.122984
    49.291672
    51.760151
    28.219368
    14.535628
     7.114185
     3.380705
     2.299289
     3.130730
     4.776309
     7.347242
    47.665726
    30.115658
    18.024113
     9.507616
     2.927823
     1.268532
     0.213535
     0.864791
     2.351051
     5.669279
    50.501434
    33.282471
    25.664555
    13.178654
     5.518197
     2.257507
     2.083869
     1.443651
     2.397311
     3.941471
    29.091595
    35.225212
    22.763344
    12.784503
     9.788368
     7.422974
     4.418792
     5.521127
     4.274006
     4.485629
    21.428246
    25.806196
    24.603687
    14.271113
     3.044569
     1.027972
     0.374070
     0.279452
    -2.246518
    -0.252943
    22.447641
    24.485270
    34.753719
    14.234411
     0.830698
    -3.741758
    -5.409396
    -2.242859
    -0.497052
    -4.191421
    19.533026
    32.362442
    37.971714
    14.501905
     0.087028
    -6.814879
    -7.552062
    -4.065082
     0.051756
    -4.720137
    19.044609
    30.445776
    43.592415
    29.599602
     6.320355
    -3.895127
    -5.663245
    -0.095385
    -1.960637
    -4.119881
    18.601313
    27.718939
    41.053028
    44.243916
    23.363817
    12.218773
     4.907920
    -2.938806
    -5.554566
    -3.970170
    17.063393
    29.835833
    44.442398
    44.233910
    15.876696
     3.299424
    -2.650655
    -4.444018
    -4.260232
    -3.730531
    14.216516
    23.333313
    42.472996
    42.939991
    18.918438
     0.052271
    -3.475001
    -5.038484
    -4.567443
    -2.324680
    17.086132
    13.507780
    27.437860
    37.302765
    17.767029
     2.076892
    -2.619764
    -3.509134
    -2.673021
     0.599216
    14.026235
    11.105336
     9.686571
    17.718979
    11.474867
     9.118128
     5.116525
     1.271948
     3.110382
     5.198503
    10.493258
    10.910573
     6.748570
     9.785783
     9.083822
     8.998485
     7.372793
     5.443336
     5.355509
     6.454490
     7.148118
     4.806753
     6.140596
     5.174382
     4.139093
     5.411921
     5.034839
     5.404808
     5.592597
     6.824732
     8.924105
     6.046348
     2.989725
     4.482061
     3.782411
     3.053105
     3.147704
     4.216821
     5.429390
     7.279325
     9.090376
     8.292005
     5.023675
     4.580857
     4.819448
     5.149135
     5.664748
     7.159393
     7.406864
     8.079364
    35.149479
    33.790943
    29.220526
    23.141150
    16.700455
    14.379284
    13.347166
    12.844572
    11.412348
    11.235019
    42.862881
    31.997032
    25.466476
    20.404505
    14.421576
    10.826303
     8.593286
     6.316596
     6.985543
    10.125363
    39.006504
    35.887596
    32.879204
    24.275145
    17.859390
    12.515132
     9.448693
     5.900690
     5.146791
     5.230491
    52.403156
    59.209702
    36.435825
    23.554621
    15.699116
     9.499607
     7.224023
     6.573695
     6.684241
     5.580270
    57.192089
    61.485737
    40.788223
    21.741516
    11.254628
     5.588365
     2.962828
     1.856670
     3.989986
     5.392453
    53.150730
    68.529312
    45.276234
    12.646276
     4.574389
     1.041189
    -0.000020
    -0.251735
     1.428665
     4.372907
    50.017967
    53.314217
    30.201561
     8.497145
     3.289844
     0.231393
    -0.741823
    -0.360002
     0.386156
     2.809119
    32.003731
    21.974216
    17.511086
     9.291045
     6.308190
     6.240633
     1.354570
     0.482446
     0.604282
     2.224593
    17.005779
    17.224054
    18.293188
    13.244455
    11.899878
     6.591382
     4.089210
     1.022776
    -1.234895
     0.545130
    15.986034
    20.369989
    31.932724
    26.682320
    15.708829
     8.407979
     2.313764
    -0.419268
    -0.463724
    -1.288262
    16.417854
    23.539089
    43.074844
    32.710968
    23.019032
    15.806919
     7.332237
     0.024335
    -1.243626
     0.665678
    18.498732
    30.000898
    49.235905
    36.592117
    16.755978
     8.139050
     3.978594
     0.894222
     1.258718
     1.693954
    18.570980
    30.837530
    46.628059
    32.485954
    16.337538
     9.688983
     5.495475
     3.062798
     2.357780
     4.218986
    16.473114
    25.521400
    35.739681
    26.477695
    12.574238
     8.147924
     4.876304
     4.422464
     3.066660
     5.585014
    14.413548
    18.072004
    26.746046
    26.592005
    12.491561
     6.771282
     3.737617
     3.592999
     4.743665
     5.795396
    12.624162
    12.142372
    14.912101
    14.882932
    11.150431
     7.393006
     5.191845
     5.114782
     3.379012
     5.397457
    11.040259
     7.648460
     6.397270
     6.021381
     6.729966
     4.447995
     3.572419
     3.785272
     3.307904
     5.389636
    10.578160
     8.593905
     4.737026
     1.556768
     1.617573
     1.689652
     2.077026
     2.263928
     4.063764
     6.448384
     8.208557
     7.114635
     6.336233
     5.267911
     2.890306
     2.265651
     2.872714
     2.402350
     3.541683
     8.115546
     7.859033
     6.825126
     6.758662
     7.800878
     8.093172
     8.297836
     8.369024
     7.221289
     7.053156
     6.716136
    33.362404
    33.257019
    30.373175
    25.945421
    21.167791
    17.589943
    14.352324
    12.186693
     9.981005
    10.397685
    42.185631
    41.455196
    33.836063
    23.932758
    18.012203
    13.646103
    10.339788
     9.574347
     9.628676
    10.737478
    50.300529
    39.853344
    32.139313
    24.229021
    16.943216
    12.223236
     8.353420
     5.491980
     5.607681
     7.964845
    46.732452
    46.345581
    40.198456
    29.953375
    19.941692
    13.954552
    10.115071
     5.925518
     5.498063
     5.957603
    57.716843
    62.242512
    46.825893
    28.449047
    19.567305
    10.274121
     6.100204
     3.128466
     4.717114
     7.107833
    69.152084
    65.483025
    34.958504
    21.604664
    13.344972
     7.925862
     4.104269
     5.540515
     2.448184
     3.613635
    55.462902
    44.615833
    29.573093
    20.938982
    11.950323
     5.630359
     1.112123
     0.303643
     1.828459
     5.103305
    29.899469
    34.341904
    26.263180
    12.142332
     4.608712
     1.963927
     0.013459
    -2.292544
    -1.560871
     4.110329
    24.940960
    22.894861
    13.276973
     7.801336
     3.629051
     1.299233
     0.220166
    -1.920664
    -2.713219
     3.708591
    17.008913
    13.748326
    14.064792
    10.874300
     5.031651
     0.343037
     0.051218
    -0.804867
    -2.539547
     2.319983
    13.560338
    14.964643
    19.317741
    17.716869
     9.497940
     4.121951
     0.982848
    -1.552957
    -1.252502
     0.936028
    14.423584
    15.170876
    31.593884
    27.674437
    14.884273
     6.459878
     1.692251
     0.037359
     2.014350
     1.499231
    17.489660
    16.350149
    22.362955
    21.924232
    13.637986
     7.612012
     4.834585
     2.979307
     1.321383
     2.880327
    16.862625
    14.000407
    18.445078
    17.487427
    13.303920
     7.926426
     4.601129
     4.093747
     2.994970
     2.197967
    16.136892
    13.557157
    14.133752
    14.698147
    10.760570
     7.888231
     5.155117
     2.389225
     1.734512
     2.299571
    12.751692
    12.037940
     9.554773
     8.352509
     5.889530
     2.650061
     1.343933
     1.365529
     2.244674
     5.767330
     9.329840
     7.877141
     7.772658
     5.306046
     2.863630
     3.804055
     2.623546
     5.320613
     5.061593
     9.907264
     8.067881
     7.555762
     7.444306
     7.383451
     6.402843
     5.343654
     8.413755
     9.539566
     9.979129
     8.633797
     7.489492
     5.995734
     5.721881
     6.659503
     6.965932
     8.168386
     9.218897
     8.488646
     6.798056
     8.239814
     7.440434
     7.429387
     6.827257
     6.688462
     6.852088
     7.369454
     7.604385
     8.182277
     6.954653
     7.114601
    39.530067
    37.527504
    31.521662
    24.489307
    20.138849
    16.529860
    13.270144
    11.135687
    10.961297
     9.031099
    43.622169
    42.684982
    36.666279
    29.507240
    22.916893
    17.785679
    13.909948
    11.874674
    10.149926
    10.143908
    47.281181
    51.643871
    40.390907
    28.901230
    20.783173
    15.401206
    13.402293
    10.189468
     9.711814
    10.472940
    63.046494
    52.926224
    39.611622
    29.350515
    20.666258
    14.006377
     8.789815
     8.422644
     7.303033
     9.712050
    67.739494
    53.833504
    44.104725
    32.900074
    24.071449
    15.516870
     9.080211
     8.651163
     6.669470
     7.150547
    66.591087
    60.959171
    51.242104
    35.256386
    23.539799
    14.948154
    13.080512
    11.396095
     8.123982
     7.318048
    52.719097
    70.732712
    40.167465
    24.744913
    11.997927
     6.447276
     6.270027
    11.270747
     6.285975
     6.808402
    42.925659
    37.787388
    22.612595
    13.525688
     9.978565
     9.353605
     3.310126
     1.558051
     3.321644
     5.102973
    34.367313
    21.779263
    14.534149
    11.408829
     8.723045
     4.945417
     8.788660
     6.051346
     0.351981
     4.157196
    24.775688
    16.745800
    14.026597
    11.670097
     4.839501
     0.390646
     2.270920
     7.088938
     0.124141
     3.733633
    19.206074
    15.815756
    19.392118
    14.294217
     5.287215
     3.234637
     1.975350
    -0.881160
     0.533572
     1.729423
    16.405582
    16.099316
    21.546431
    18.829361
     8.900450
     3.987597
     0.116811
     0.461675
     0.907907
     3.508608
    17.877832
    15.045315
    14.666058
    16.542545
    11.117916
     3.336387
     3.147190
     2.744814
     3.355260
     3.820348
    15.234055
    16.343107
    16.214054
    16.667660
    10.639421
     6.983514
     4.057376
     1.917015
     4.182339
     4.460034
    12.149000
    11.542461
    12.034637
    10.921360
     8.937160
     6.223143
     4.231270
     5.100282
     4.901150
     7.887391
     9.718081
     8.375051
     7.092992
     6.958796
     6.379470
     5.084044
     5.604457
     8.151451
     5.883637
    12.348101
    10.781894
     7.777975
     6.926274
     6.650659
     8.551253
     8.419652
     5.464280
    14.989357
    12.115789
    10.338818
     8.829615
     9.366663
     9.586176
    10.760054
    11.584012
    11.067695
    12.593727
    11.100116
     9.302092
    10.746702
     9.350375
     8.065384
     7.696860
     8.172671
     7.869868
     8.719255
    10.367474
    12.651861
    11.346050
     8.741444
     7.456427
     7.397171
     8.076996
     8.359778
     8.437807
     9.230213
    10.055757
    11.229871
     8.118649
     5.618681
    55.626617
    43.094643
    33.483002
    27.554615
    20.097466
    16.654161
    14.370348
    13.595091
    10.178405
    11.454243
    54.912262
    49.064976
    35.656620
    26.974091
    21.493237
    17.159317
    13.964361
    11.419121
    11.106769
     9.967212
    56.861191
    53.729462
    39.595428
    32.443836
    25.322531
    19.786976
    15.740817
    13.091988
    10.545052
    10.777899
    60.354935
    64.963814
    51.056767
    35.674236
    25.190161
    18.159283
    14.731591
    14.220357
    10.690816
    11.219558
    77.220917
    77.311554
    51.784138
    31.996105
    21.231319
    14.568116
     9.185501
    11.305601
     9.475098
    11.234284
    69.179085
    68.710083
    45.562035
    27.584703
    19.693790
    14.983056
    16.634615
    11.613017
     6.534510
     8.926058
    48.236317
    43.774506
    32.950298
    24.040157
    21.555794
    16.674545
    13.544913
    12.547770
     6.055938
     6.825327
    35.317261
    28.907043
    26.795250
    24.038584
    17.372622
    11.879293
     9.288725
     7.607956
     7.794960
     5.721865
    27.249748
    28.348440
    26.976295
    23.842888
    14.144812
     9.656120
    10.155883
     6.172876
     4.739576
     7.435630
    26.881483
    30.172604
    26.875034
    20.123568
     8.572406
     8.901987
    10.264285
     5.602985
     2.863669
     5.267333
    27.448120
    32.398640
    25.759937
    16.396397
    10.792077
     8.288948
     6.780080
     8.301291
     6.164753
     4.389382
    24.789360
    19.219297
    18.685711
    16.256023
    11.569819
     7.620733
     5.933072
     4.394994
     5.116864
     6.358980
    18.013653
    16.168028
    13.094670
    11.324599
     8.906492
     8.520216
     5.104599
     9.547158
     7.827916
     6.629879
    13.631800
    12.199099
    11.951236
    10.810799
    10.248755
     7.521709
     6.999958
    10.085428
     8.504276
    10.873659
    11.205032
     9.808685
     8.730815
     7.809665
     7.108682
     6.445513
     8.201841
    11.555893
     8.743835
    17.150188
    11.981476
    10.172693
    10.903177
    13.368928
    13.290218
    11.618748
    13.357424
    21.912354
    17.350071
    11.224247
    13.163827
    10.045493
     9.153608
    10.976947
    13.412515
    20.525063
    17.365814
    15.906530
    15.288065
    12.895666
    13.013756
    12.752080
    13.293946
    16.151253
    16.996023
    15.026646
    19.734032
    21.035809
    15.817179
    12.554747
     8.814533
     8.707053
    11.555029
    13.088179
    14.731091
    15.567335
    15.064506
    22.551916
    13.070055
     8.244387
     6.433684
     6.729976
     8.536184
     9.142929
     9.899381
    10.123469
    11.238720
    15.359739
     9.179882
    12.744491
    46.409958
    48.655266
    38.896374
    28.118221
    22.733343
    19.008545
    18.480221
    16.063519
    11.367417
     6.093029
    60.030704
    63.021461
    45.600616
    32.286530
    25.133484
    21.650120
    18.332438
    13.382682
    11.997343
    13.426556
    76.387375
    68.981255
    42.381596
    30.116983
    23.633896
    19.763435
    17.517658
    14.972578
    15.947137
    11.626890
    64.365143
    69.059402
    44.741997
    32.649662
    24.730309
    20.901508
    23.466995
    16.191280
    12.545180
    12.125515
    59.253559
    66.658028
    50.514652
    37.150898
    28.941496
    24.060835
    21.683004
    16.101147
    13.401346
    11.578289
    56.035309
    54.169254
    42.094315
    31.832115
    23.996096
    19.441753
    16.077686
    15.702803
    12.831866
    11.431525
    43.365459
    40.606144
    33.722862
    26.675079
    19.875416
    16.141144
    14.205026
    12.168622
    10.972617
    11.604964
    33.816196
    29.906742
    26.023664
    20.417461
    16.614971
    12.415821
    10.622643
    10.157788
    10.260664
     9.867956
    27.077810
    24.290400
    20.432768
    16.212292
    13.109255
    10.421492
    10.536685
     8.806543
     9.253414
     8.153824
    23.868608
    22.960855
    21.741766
    18.182758
    15.098867
     9.687546
     8.163622
     8.539286
     9.537936
     8.323536
    21.277218
    21.583187
    35.469604
    25.357357
    15.602710
    10.509434
     9.522482
     8.049017
     8.467873
     7.866716
    19.414299
    22.411665
    23.894339
    19.581825
    14.476317
    10.663832
     9.610552
    11.749511
     8.429655
     9.007336
    17.991795
    18.038416
    16.651712
    15.251719
    12.769930
    10.844588
    11.410749
    11.495344
    10.591170
    11.238729
    16.195082
    14.235916
    13.991140
    11.944831
    10.734286
     9.040553
    11.751967
    16.694050
    11.559385
    18.720264
    15.989933
    14.690060
    15.187462
    15.238738
    15.298111
    14.154068
    18.743176
    24.151331
    23.904795
    15.324733
    15.670860
    14.326671
    16.126974
    26.265739
    22.604206
    20.946804
    27.263998
    25.838753
    22.236017
    13.850623
    17.186146
    13.447783
    15.695457
    21.121241
    27.167885
    28.957926
    26.492170
    26.030462
    20.340263
    11.509049
     8.301372
    12.097868
    18.544346
    22.687687
    31.011211
    20.476259
    20.148621
    22.011963
    13.681677
     9.613665
     5.999802
     5.347320
     9.477085
    14.856583
    17.165073
    15.098551
    13.732060
    11.772660
    21.574795
    13.821040
     2.869103
     2.587720
     5.519824
     9.862504
     9.469251
     9.910551
    18.291500
    19.493176
    13.134707
     8.161386
    40.233879
    41.333221
    33.227829
    28.490179
    24.576967
    20.144146
    17.113539
     9.451019
     7.539081
     3.995828
    65.833984
    68.176399
    45.241745
    32.801575
    25.567076
    23.045450
    25.614151
    21.452860
    14.080543
     6.167865
    70.666435
    70.625893
    46.293056
    33.706669
    28.300148
    28.866859
    29.467083
    16.713306
    20.632793
    13.966330
    63.524315
    60.797150
    39.989834
    30.214134
    24.664156
    22.407047
    22.727392
    19.017790
    16.106876
    17.644751
    50.375698
    52.283630
    39.090050
    29.123281
    23.849270
    20.680613
    19.023958
    16.188847
    16.979803
    13.513096
    38.914536
    38.077557
    33.819069
    29.404808
    25.121655
    21.716488
    17.106037
    14.364475
    13.922808
    15.619769
    35.041969
    35.116364
    31.322649
    26.120174
    21.930939
    18.515804
    15.558702
    14.294869
    11.701993
    13.259245
    31.490553
    29.191463
    26.257885
    22.615025
    19.078259
    15.066419
    14.033392
    11.689704
    12.125845
    11.169343
    27.050892
    25.132708
    23.198050
    20.223434
    17.160042
    14.870119
    11.271597
    10.669470
    10.042771
    10.465326
    24.390707
    23.703693
    25.298700
    20.943180
    16.287371
    13.320053
    10.051216
     9.520613
     9.014563
     9.756022
    21.836376
    22.202385
    28.177299
    20.918407
    15.106348
    11.914847
    10.194300
     9.431698
     9.318117
    12.241966
    19.354942
    18.605457
    18.008457
    16.157419
    12.771008
    11.581027
    10.706644
    11.045837
    14.263694
    13.036491
    18.321869
    16.921310
    15.579657
    14.481875
    13.193947
    12.978626
    12.379057
    16.249054
    15.152202
    14.304013
    17.564428
    17.084843
    16.606495
    16.648502
    16.286612
    17.259373
    13.693172
    23.510782
    14.927431
    12.847471
    16.192242
    15.730765
    16.657972
    18.916370
    19.699322
    22.561340
    24.191841
    20.401108
    14.531652
    10.156496
    18.364882
    15.450463
    17.108490
    23.362272
    30.401371
    29.129572
    21.877892
    15.916719
    11.012404
    12.619850
    10.751249
    13.032083
    18.888649
    25.428940
    24.763397
    17.691109
    13.284697
    16.247875
    16.530380
    16.077927
     6.265073
     8.395041
    13.179148
    19.325977
    22.560171
    18.286135
    17.171144
    22.116177
    15.127024
    11.701962
     3.628121
     5.886756
     8.410061
    14.829634
    22.865408
    14.988708
    12.091119
    12.793788
    11.479351
     8.464355
     5.275808
     7.253880
     9.037703
    10.550366
    18.108158
    11.962836
     9.599450
    10.411418
     9.103024
     5.473764
 