   27.038166
   -10.651251
   118.420341
    -5.295108
    -4.509097
    -5.930612
    -6.400591
    -5.778556
    -3.521959
    -3.218549
    -6.305518
    -5.357366
    -4.425956
    -4.526724
    -5.717402
    -3.167363
    -1.632987
     1.891971
     2.618516
     2.433679
    -0.491273
    -0.142835
    -3.617754
    -5.615788
    -1.604446
    -0.751893
     2.001318
     3.557003
     3.538570
     2.006810
     2.323250
     2.461047
     2.991447
    -1.674850
     3.037657
     3.344571
     4.780335
     2.209064
     1.440566
     1.411792
     1.590831
     2.215213
     2.687899
     3.205708
     2.522949
     5.747312
     2.127119
     1.419497
     3.742960
     3.751729
     4.343003
     1.726609
     3.382152
     3.021613
     4.714930
     5.271629
    14.012191
    19.637020
    19.496634
    17.440861
    14.818101
    10.860291
     8.060877
     6.220502
     7.468571
    21.735207
    26.495644
    24.796837
    19.598709
    18.068396
    17.208801
    17.344313
    14.085277
     8.665421
    25.631092
    31.715887
    33.517899
    31.109226
    25.140030
    19.768616
    17.399063
    18.098362
    15.944745
    19.664190
    31.585667
    38.750923
    36.504051
    30.346666
    25.546122
    23.410793
    22.960228
    19.263828
    19.107431
    24.871044
    33.589783
    39.851440
    33.599129
    28.935801
    26.624514
    25.709341
    25.757172
    24.825298
    22.061134
    25.389029
    28.833431
    34.476883
    30.740170
    30.900503
    30.459488
    29.107830
    27.532091
    26.214823
    25.072540
    24.659479
    25.829218
    28.586674
    31.866911
    35.789158
    35.882511
    33.646275
    31.560268
    29.437643
    26.804424
    23.459682
    25.322880
    29.078331
    36.493317
    45.022755
    42.364399
    37.940781
    33.609680
    30.759764
    27.576166
    19.741247
    23.648643
    31.147181
    48.646839
    60.626308
    47.552177
    41.779736
    35.693008
    29.996080
    27.873878
    11.113859
    21.076113
    30.289524
    56.152523
    60.365082
    47.568512
    38.614826
    33.868450
    32.634235
    28.061731
     9.386568
    15.490198
    29.210838
    40.760654
    42.964951
    40.779533
    36.869991
    34.935734
    33.478619
    21.962076
     8.853277
    14.444376
    20.667324
    26.651659
    35.061123
    36.826946
    35.709011
    33.039322
    20.499071
    17.885601
     2.760765
     8.159239
    11.669165
    14.954503
    18.335737
    17.076509
    16.780649
    17.743635
    18.448151
    18.875866
     3.879169
     3.442798
     4.801796
     7.597138
    10.166711
    12.951322
    15.076824
    16.396442
    17.638874
    17.373671
    -2.131921
     1.998049
     5.692048
     7.298279
     9.726057
    11.926138
    13.802582
    15.343272
    16.463100
    17.141388
    -4.950456
    -4.932500
    -2.540654
    -0.518765
     2.965957
     2.894191
     2.384210
    -1.609199
    -4.301402
    -3.229622
    -3.236155
    -0.507859
     3.131955
     6.150643
     5.456865
     3.581574
     4.244195
     2.784488
     3.777600
     0.770297
     1.835142
     3.884425
     6.911748
     4.488785
     4.438098
     2.865660
     1.947484
     3.342054
     3.395197
     3.765989
     3.872549
     8.005473
     6.032826
     9.070799
     6.872887
     5.965386
     4.782876
     4.466204
     1.881859
     4.173747
     3.131297
     5.089681
     6.297340
    17.332684
    22.893045
    19.920309
    17.213699
    14.753719
    12.577452
     7.893876
     5.564476
    11.560247
    24.420540
    25.452993
    25.992527
    23.936081
    18.238352
    16.267052
    16.844833
    15.036848
    15.903043
    27.724209
    32.462948
    34.937275
    24.399796
    21.576057
    20.384132
    20.639904
    19.481819
    18.743113
    27.148994
    37.247150
    36.835243
    31.170456
    25.647951
    22.801304
    20.724392
    20.091333
    20.502489
    20.236628
    34.221264
    36.726543
    34.735504
    40.611969
    33.355568
    27.643192
    23.979546
    23.669676
    22.770710
    24.691816
    35.303963
    33.209923
    34.951794
    46.925144
    40.594498
    33.604572
    29.030823
    28.035898
    26.831760
    27.385269
    31.119925
    29.466871
    33.423538
    46.170216
    45.394558
    38.525700
    34.382675
    32.567806
    31.456358
    30.945280
    26.841412
    27.239939
    34.207024
    43.525490
    44.980831
    39.150620
    35.837318
    34.431145
    33.550175
    34.334141
    25.312107
    30.432217
    41.673214
    45.575130
    45.849564
    40.898720
    38.960869
    37.285236
    36.537815
    37.051285
    24.568735
    37.344097
    44.949516
    59.431656
    73.508362
    49.395496
    43.245773
    40.182941
    38.456875
    36.661289
    30.195667
    37.554745
    44.994583
    60.815262
    70.240486
    54.073956
    45.449200
    41.033066
    38.592396
    37.139858
    22.164373
    33.247059
    40.691895
    43.952000
    46.838768
    45.787239
    42.362114
    40.717461
    39.548351
    38.359150
    17.294899
    27.713068
    33.186771
    37.993122
    41.105232
    40.365963
    40.656597
    40.321819
    40.486404
    29.173250
     9.494545
    15.546247
    24.781622
    31.870123
    35.378094
    38.589420
    40.434109
    34.625423
    30.319788
    27.859262
     2.159515
     5.640426
     8.522081
    11.620115
    16.096668
    20.682623
    24.111713
    25.076065
    26.452579
    26.457062
     2.972382
     3.214406
     5.944860
     8.269542
    12.068263
    15.427013
    20.569649
    22.537069
    25.346863
    25.998646
    -0.720507
     1.742018
     6.118814
     5.480225
     5.489619
     4.596337
     4.472428
     3.977003
    -0.885902
    -0.916405
     3.475242
     7.416593
     8.911215
     8.173704
     7.621348
     5.360896
     6.253939
     5.147866
     4.709514
     5.332481
     4.534768
     9.241963
    13.369893
    17.539743
    13.599941
     9.419388
     6.778986
     4.525340
     4.706771
     6.456262
     6.173001
    10.338035
    21.056210
    35.321648
    24.058472
    18.079361
    14.582233
     8.168372
     8.248770
     8.073061
     7.498808
    11.711170
    33.382210
    44.080460
    32.341454
    23.188641
    19.289583
    18.948740
    20.103102
    20.157377
    12.609907
    30.059027
    42.715263
    33.360046
    25.800501
    22.586073
    22.122965
    23.737873
    19.338146
    21.830639
    25.467363
    36.679340
    28.219515
    30.518127
    25.984276
    24.430614
    21.535789
    21.207766
    22.898003
    24.213764
    37.196152
    30.165688
    31.378187
    35.537319
    30.936066
    27.093773
    25.215279
    24.308449
    24.901024
    25.734539
    31.603664
    31.570248
    41.981544
    59.224186
    41.017403
    33.567070
    29.746422
    28.478086
    29.574354
    29.710091
    30.337181
    32.721012
    42.019909
    52.520245
    45.452961
    38.243881
    35.698799
    34.920971
    34.863983
    33.349346
    29.038378
    31.834015
    39.543011
    51.084595
    52.145535
    43.797874
    40.051670
    36.245487
    36.785091
    36.254215
    26.122044
    30.953920
    40.925922
    47.208698
    55.043434
    50.401283
    44.568371
    42.199184
    42.142498
    41.962818
    27.453436
    35.937660
    42.403450
    51.478756
    56.101040
    56.260372
    54.043011
    49.471924
    48.178112
    45.859577
    32.425941
    36.857025
    48.518032
    62.310635
    69.410980
    62.870113
    57.550564
    52.467018
    51.618225
    49.282219
    32.269115
    35.754410
    48.433102
    70.945831
    78.225006
    63.662663
    56.823673
    50.518253
    50.265026
    48.047516
    29.615671
    32.734421
    40.915833
    52.287540
    58.477432
    56.854481
    55.210476
    50.236591
    49.395641
    47.647209
    25.771366
    30.010155
    34.621025
    40.937798
    46.390808
    48.939083
    51.925282
    50.100060
    49.401848
    47.079391
    18.550564
    25.336964
    29.658310
    33.567387
    37.949749
    44.481342
    52.635956
    51.119873
    49.053375
    40.980484
     5.795648
    10.397519
    18.531073
    24.595970
    31.387989
    39.534466
    49.806995
    45.699272
    41.730782
    42.818203
     2.631127
     3.828271
     9.019527
    12.027582
    16.761971
    21.726093
    35.024250
    32.549751
    34.764984
    39.515804
     3.378050
     6.060124
    10.173502
     9.511587
     8.491762
     7.402866
     5.399843
     5.436004
     4.429018
     4.628838
     6.585570
    11.279682
    17.661411
    20.720360
    15.590606
    12.386221
     6.106762
     8.031174
     8.939947
     9.608679
    10.742136
    18.423441
    33.744171
    51.100891
    37.360435
    25.431305
    15.692961
    10.954058
    10.199229
    11.185510
    14.886560
    28.038124
    38.311157
    53.018932
    40.340931
    29.798447
    24.880560
    21.419443
    19.399050
    15.049140
    18.355656
    31.221111
    56.616451
    67.923111
    38.417366
    33.766068
    30.790401
    28.949991
    24.946630
    27.434383
    23.299042
    31.116121
    38.039474
    54.494934
    36.845207
    26.808262
    24.312250
    25.267132
    30.088295
    28.329823
    31.414410
    28.165403
    31.691746
    37.010563
    31.043724
    27.816103
    25.972502
    26.207350
    29.282812
    32.289989
    30.801918
    29.723095
    33.801380
    34.426727
    33.750168
    29.603718
    29.241262
    31.106354
    34.319405
    35.617817
    29.751390
    32.975014
    42.369331
    61.908199
    48.860477
    39.576019
    35.484478
    35.478333
    38.917820
    42.757332
    29.854881
    33.630268
    45.372189
    57.435997
    56.824673
    46.612778
    39.989281
    40.113487
    45.564529
    49.402302
    30.148310
    33.469383
    42.744869
    52.918400
    55.359898
    51.932755
    46.024883
    46.824120
    50.924320
    56.588921
    29.977758
    35.564693
    45.795586
    50.375423
    64.412613
    63.047825
    59.681862
    60.379257
    63.964828
    63.706390
    30.709400
    40.351460
    45.610363
    52.247253
    67.041969
    81.916084
    78.857330
    75.799599
    73.653610
    72.015320
    33.736862
    42.779060
    45.832382
    54.588776
    64.414505
    71.578423
    74.641937
    72.801933
    76.585907
    74.592461
    32.805500
    43.303562
    49.968536
    60.830826
    73.402252
    68.084351
    66.915276
    65.280861
    65.911171
    69.378044
    31.259230
    40.334438
    50.984390
    68.862007
    64.983231
    61.231045
    63.428547
    60.900700
    62.845173
    66.664383
    26.777792
    33.227058
    44.456215
    54.198818
    57.375210
    59.507179
    66.699448
    61.772305
    62.156395
    63.383389
    22.465467
    26.010788
    32.603794
    38.137791
    45.557014
    49.436382
    60.342274
    57.513058
    61.798248
    67.582199
    10.513435
    19.594204
    24.740383
    31.377872
    36.057915
    42.484688
    50.915680
    50.369793
    53.852169
    54.140316
     4.553361
     6.776275
    13.368534
    18.878448
    23.235954
    29.168413
    34.474300
    33.641270
    35.147518
    37.122192
     6.974388
     7.445512
    10.611019
    12.925356
     9.273366
     7.568450
     8.082530
     9.578034
    10.907816
    11.730109
    10.923300
    18.346029
    23.576912
    38.453957
    25.025658
    18.339012
    13.099507
    12.109778
    15.975801
    16.804165
    18.253319
    25.502695
    35.585434
    47.151848
    33.684002
    25.740034
    25.755600
    25.833523
    22.362398
    22.303228
    22.835491
    31.778589
    48.963875
    56.919098
    47.365025
    36.468266
    26.514893
    26.470966
    33.674103
    32.493252
    29.593180
    29.582590
    37.947456
    43.247986
    35.166046
    28.957449
    28.013102
    30.381283
    39.928741
    41.655502
    27.676512
    32.186607
    30.948711
    37.430202
    32.269020
    25.503336
    25.474693
    30.331255
    40.057438
    48.307182
    30.366365
    26.715450
    34.470905
    28.624676
    29.116417
    25.027843
    25.297783
    31.558594
    40.652855
    49.797504
    27.581268
    21.661114
    28.560581
    28.382046
    31.362957
    29.737789
    28.519920
    32.710579
    43.647346
    53.257717
    26.792858
    25.863943
    39.919483
    50.399895
    42.634972
    33.645390
    31.283421
    34.720024
    44.369366
    53.734547
    26.168980
    29.806501
    56.363529
    67.423706
    39.444672
    35.278595
    36.783218
    38.673058
    47.516071
    54.778587
    27.432158
    36.550240
    52.260967
    41.584560
    46.609699
    44.702377
    41.968273
    45.139648
    51.661343
    55.469551
    32.109119
    37.992371
    40.896481
    44.209492
    54.879250
    53.755451
    57.014771
    56.394550
    56.590878
    57.521984
    35.521564
    37.122818
    40.364803
    47.134541
    58.986992
    70.947754
    92.201660
    87.103058
    71.846764
    61.398911
    39.075169
    36.708767
    42.786522
    55.182423
    64.779137
    73.414856
    89.489830
    81.900406
    68.314896
    60.255348
    37.689472
    36.097248
    45.237030
    64.406525
    72.569328
    71.608551
    79.774086
    71.226486
    62.571781
    58.392727
    36.314445
    37.365753
    43.469402
    62.918526
    65.809387
    65.533104
    71.018776
    64.275795
    58.600071
    56.065907
    30.583275
    37.938831
    39.593079
    47.647335
    48.607105
    52.890419
    56.692982
    56.286850
    58.187000
    56.828876
    23.892298
    26.041712
    37.475948
    45.126087
    48.845989
    52.155666
    50.196148
    50.150223
    54.075886
    57.985714
    13.742275
    22.678968
    26.521400
    30.093307
    33.282532
    37.521488
    42.399101
    45.162754
    52.371811
    55.155743
     6.046899
     9.165602
    16.092197
    23.908543
    27.173944
    30.963795
    33.066990
    33.988335
    35.560242
    38.114159
     5.441954
     7.938859
    12.180579
    12.906673
    11.411305
    10.677526
     8.876020
    13.605299
    22.454081
    29.897110
    21.089817
    22.274111
    25.072212
    24.661026
    24.826685
    22.297848
    21.656082
    20.085617
    29.584812
    38.766563
    22.269754
    31.643646
    36.019066
    39.402893
    32.146515
    33.233818
    24.049053
    31.199720
    41.575031
    47.246017
    25.578865
    26.814320
    39.729916
    40.639133
    33.477169
    28.632767
    28.788767
    34.954834
    44.018299
    53.946198
    28.473213
    36.578976
    34.515469
    28.282425
    25.940023
    24.564083
    29.217503
    34.633198
    47.537704
    57.905067
    32.932476
    25.168171
    21.420736
    18.606167
    22.485447
    21.436314
    27.307402
    32.354912
    43.901299
    51.436531
    22.746752
    16.075079
    18.853495
    19.861771
    17.652533
    17.545664
    21.551491
    28.655689
    39.005093
    44.792004
    16.447254
    19.189470
    17.563135
    24.468489
    22.409590
    23.193151
    25.598267
    29.167925
    36.228020
    41.115517
    19.061821
    22.379257
    28.959517
    36.384972
    24.740303
    21.026592
    24.925697
    29.568691
    34.196381
    38.396694
    22.761869
    32.008301
    30.540043
    30.708473
    31.356953
    33.123962
    32.813026
    36.726017
    36.874134
    38.759193
    29.817610
    36.901646
    36.235012
    42.384502
    44.306049
    39.008110
    43.441231
    39.827816
    40.411407
    40.113941
    33.538239
    38.573608
    34.243111
    45.627388
    46.464859
    44.296078
    55.641811
    50.048592
    45.831989
    42.124676
    34.473606
    35.507477
    39.302654
    49.085285
    55.507626
    59.178307
    72.745491
    65.093719
    54.711254
    48.407211
    34.855679
    33.422955
    42.207085
    58.639412
    63.147724
    67.293396
    76.721390
    68.320099
    57.405109
    49.608551
    36.153744
    32.743229
    43.031696
    69.542892
    72.054703
    68.744339
    67.246323
    60.603741
    52.390442
    47.180923
    34.279247
    32.517643
    40.733261
    55.157867
    58.605202
    58.714191
    58.211880
    54.699432
    49.010948
    43.340660
    29.930832
    33.355476
    40.232281
    44.873291
    46.101196
    47.921597
    47.218075
    45.402641
    45.752689
    42.954838
    21.690687
    30.873775
    37.093483
    40.926868
    43.427895
    45.658554
    47.102974
    44.158421
    42.028534
    39.482189
    20.436298
    20.113813
    22.577435
    27.673937
    30.803879
    34.203899
    35.566982
    35.749866
    39.306679
    40.950790
     7.107926
    13.971200
    22.563692
    25.043741
    28.368523
    30.502731
    32.760857
    33.192848
    35.424179
    33.657654
     9.670034
    14.890231
    16.088062
    14.555281
    13.747670
     8.483243
     8.585259
    14.312531
    27.907398
    38.410004
    21.006666
    24.568373
    24.857813
    22.934441
    25.663263
    20.807209
    21.675594
    22.062792
    32.329391
    39.186172
    24.671541
    26.221405
    33.527721
    28.272179
    25.874945
    23.201536
    26.569815
    31.957319
    41.611427
    37.541595
    27.566622
    41.369629
    54.533279
    39.499352
    29.295843
    30.254417
    30.469076
    34.034012
    43.195648
    42.253204
    26.688560
    26.269531
    31.163754
    27.426678
    19.719587
    24.043020
    28.158039
    36.113995
    43.405285
    45.364662
    28.138655
    17.962242
    14.785588
    14.790215
    15.940729
    18.420368
    24.699457
    34.454613
    40.211040
    40.530327
    16.862139
    15.946589
    10.370080
     8.334557
    11.997196
    14.366968
    19.929646
    25.780964
    31.113070
    35.181236
    11.874415
     9.927725
     8.037167
     9.433226
    10.657481
    14.909742
    20.044794
    26.070326
    29.328299
    31.179224
    14.661745
    17.019560
    14.554161
    10.056027
     9.883543
    13.523632
    20.638853
    27.084719
    28.120852
    30.181160
    20.706903
    18.732090
    17.026033
    15.951341
    20.173933
    25.387026
    34.999260
    34.715916
    31.445950
    33.392433
    27.376051
    27.288254
    21.922840
    32.223595
    33.124775
    35.516846
    47.098911
    40.412586
    35.852203
    33.299694
    31.782291
    30.655972
    30.413422
    50.474033
    42.059540
    37.848694
    48.521908
    39.521324
    36.177586
    35.401794
    35.826218
    33.967400
    38.385551
    50.111656
    48.668617
    44.631100
    48.284595
    46.401646
    40.263920
    37.711658
    36.216209
    31.943861
    40.226963
    64.358116
    54.664658
    56.759144
    56.053596
    52.402302
    46.021214
    42.283840
    33.405319
    32.589523
    40.122684
    57.695770
    62.998817
    58.967068
    55.085361
    49.391510
    43.800873
    40.417397
    33.089600
    33.837795
    40.951813
    49.570774
    57.986526
    54.968346
    50.704845
    45.971684
    40.358757
    36.444805
    29.277859
    33.209137
    40.655861
    40.616280
    44.164196
    43.334412
    40.862740
    39.419403
    36.094158
    34.532925
    22.296907
    28.121201
    33.568501
    37.479546
    41.756138
    41.655560
    40.691814
    37.722645
    34.725132
    30.683323
    18.557285
    18.125832
    23.814297
    30.888182
    35.031681
    37.720112
    36.053658
    31.364151
    29.553181
    30.431787
     8.468378
    16.081770
    22.236477
    24.786743
    25.303780
    30.072580
    29.522160
    29.238159
    28.579317
    23.475515
    15.816432
    17.832497
    15.873384
    15.378682
    14.812513
    12.859309
    10.402571
    13.608458
    22.738251
    31.286457
    24.881147
    22.370588
    20.363228
    19.093338
    18.170780
    18.890274
    21.281185
    26.070919
    30.677362
    42.679371
    27.199301
    23.620829
    29.347073
    25.776287
    25.590206
    21.281834
    24.477276
    31.293261
    40.511143
    42.992279
    36.082977
    43.085957
    35.268639
    25.548300
    21.690884
    23.622156
    29.629063
    35.284031
    47.472992
    49.011482
    28.417021
    34.835209
    25.869316
    20.061213
    18.050035
    20.216740
    26.804564
    38.569923
    58.056137
    49.091568
    25.731110
    17.951262
    15.427176
    14.799150
    14.394917
    17.718739
    24.777779
    37.763447
    49.568066
    41.007545
    19.043575
     7.598914
     5.571013
     3.272317
     4.229326
     8.611593
    15.140714
    27.784660
    33.802258
    33.153442
    11.243262
     6.211676
     2.731683
     3.143900
     4.580258
     8.561248
    14.812437
    25.018686
    25.388653
    25.963057
    11.560163
     8.776518
     5.710400
     2.904279
     4.964584
     7.436219
    15.274885
    21.616673
    21.583700
    24.411234
    15.994241
    13.574844
     6.573369
     9.313156
    13.477040
    17.674374
    25.825636
    27.796421
    24.712803
    26.862522
    22.283100
    20.283327
    13.991940
    20.056044
    23.786312
    34.299896
    40.765198
    29.906710
    27.321180
    29.069424
    28.481369
    25.888264
    22.794788
    40.970837
    32.522762
    45.236759
    41.588943
    28.643784
    26.672731
    29.595430
    33.330330
    33.787762
    30.674341
    64.632866
    42.831028
    49.521877
    51.119545
    37.231544
    30.269365
    31.581587
    35.090126
    34.416794
    29.713007
    48.212082
    47.980324
    50.792587
    50.982086
    43.025070
    37.890831
    35.455502
    34.730694
    31.232969
    31.884907
    38.001873
    46.017010
    52.242168
    49.872955
    43.732067
    38.065491
    35.118427
    31.565298
    35.946030
    34.521606
    46.989059
    50.891571
    53.435284
    47.290920
    39.737972
    35.148178
    32.288082
    27.834236
    32.544727
    38.236191
    45.567795
    48.435123
    48.101742
    42.533569
    36.655972
    31.760452
    28.361811
    23.087179
    25.618761
    29.866018
    35.667274
    41.658310
    46.251335
    38.870495
    31.651630
    28.008226
    26.457056
    17.465099
    20.292826
    25.022840
    29.530449
    33.487598
    41.863949
    35.304165
    29.156298
    25.321701
    23.439274
     5.314188
    14.897898
    20.330025
    21.365295
    23.410967
    29.525379
    27.406090
    25.410059
    24.796495
    19.605309
    18.669474
    16.968384
    15.364143
    14.324263
    13.388059
    13.041752
    13.939503
    11.268205
     9.694729
     9.866479
    22.373718
    21.761232
    20.703465
    19.018049
    15.669971
    16.303957
    18.706242
    20.730686
    24.303366
    21.077974
    30.186052
    30.120710
    29.873129
    26.048058
    22.075266
    19.633781
    20.468855
    25.536543
    37.215874
    38.265072
    40.142929
    31.454351
    24.649477
    21.541578
    18.846195
    20.448086
    25.943600
    33.543018
    46.311535
    49.622093
    34.000526
    32.560394
    28.550776
    20.749357
    18.544863
    21.252769
    27.559277
    40.030796
    58.231655
    49.417194
    28.322857
    24.177889
    15.591135
    13.046820
    13.092130
    16.009678
    23.209261
    35.766731
    45.091240
    42.811897
    23.827358
    14.606518
     2.630610
     3.296899
     3.284276
     6.790101
    12.820388
    24.158836
    30.041763
    34.675987
    12.866205
     5.514014
     3.736990
     0.442766
     1.401113
     3.526405
     7.967231
    13.596255
    16.380157
    22.092655
    12.283150
     7.007612
     2.242137
     0.433002
    -0.924609
     2.020066
     6.709271
    10.080580
    14.509247
    19.723063
    15.678833
     9.809792
     6.837668
     3.647407
     5.320145
    10.047613
    11.629159
    13.940708
    15.569841
    19.933514
    20.798557
    16.962805
    10.245306
     8.000426
    14.373727
    17.792938
    20.844948
    21.543802
    20.697960
    23.098558
    27.595879
    24.526257
    17.311581
    18.267218
    22.857349
    27.068811
    32.854240
    24.277266
    23.022694
    24.567341
    31.972740
    31.378157
    24.734175
    35.618614
    34.671410
    40.771347
    47.182442
    32.598030
    26.810932
    27.622915
    33.013657
    33.585602
    27.703953
    34.192188
    40.951065
    52.760464
    54.452282
    38.291981
    32.067951
    29.628071
    30.714758
    34.316517
    34.572750
    28.927761
    37.308929
    57.277340
    56.996655
    39.064186
    33.004631
    29.848766
    27.118668
    33.641140
    37.335396
    41.385632
    47.094269
    60.005047
    55.086296
    39.370079
    32.159966
    29.532473
    25.673752
    31.044861
    34.060703
    38.156574
    48.443443
    52.611153
    44.725662
    34.355846
    28.462334
    24.210087
    17.214855
    24.719419
    30.588297
    36.940815
    46.307865
    55.540344
    41.356934
    30.692526
    23.292276
    22.067728
    12.987526
    14.209563
    22.922466
    28.253942
    34.397049
    39.057079
    33.195465
    27.292631
    21.281700
    20.317957
     2.031952
     5.846908
    17.621962
    19.442923
    23.519211
    23.081129
    23.175098
    22.059536
    21.307177
    15.490376
    21.952030
    21.517151
    18.505424
    16.829491
    15.268686
    10.246530
    11.119294
    10.152434
     2.590920
     0.820598
    31.019375
    33.894554
    29.166086
    22.861090
    18.080223
    14.746285
    14.142520
    16.119667
    16.702465
     5.419579
    39.880436
    37.119553
    30.990929
    25.508738
    22.790094
    21.448235
    17.314939
    20.816166
    24.101624
    23.228449
    46.024906
    32.480835
    25.722628
    21.706102
    17.858488
    17.255045
    21.145161
    26.336134
    30.843616
    29.477093
    38.486980
    35.513729
    27.016634
    20.260746
    16.970459
    21.121191
    25.428289
    35.392399
    50.434692
    42.904385
    38.136299
    42.540653
    23.779221
    13.192770
    11.736006
    15.544583
    24.053446
    37.700573
    49.342903
    40.762291
    33.827953
    22.676168
    10.234925
     5.663045
     6.198954
    10.330718
    16.835276
    26.265430
    33.720490
    35.262886
    24.009657
    10.572527
     3.682029
     4.015345
    -0.172269
     0.980785
     4.497161
     9.379687
    14.903084
    20.981771
    17.492052
     9.343290
     4.145796
     0.027658
    -2.158119
    -0.498570
     3.762452
     6.322902
    11.339485
    16.044159
    20.292217
    13.120688
     8.724957
     2.615076
     1.618379
     2.354997
     5.394933
     7.481300
    11.587270
    16.982719
    23.783321
    19.554239
    12.991958
     6.882328
     4.075741
     7.623058
    10.986041
    11.412051
    14.502253
    18.148361
    27.572979
    28.637562
    19.980206
    15.376133
    11.402397
    15.537821
    16.256857
    16.683111
    16.746374
    19.323132
    31.242088
    35.512302
    29.649036
    33.320320
    19.863230
    23.778482
    26.266171
    23.040297
    20.686832
    23.706629
    32.431175
    39.080223
    42.404022
    43.323154
    32.523411
    33.577862
    33.547543
    28.055433
    26.412773
    24.243542
    29.282295
    35.676937
    47.475407
    41.326015
    40.850754
    43.475666
    45.485031
    35.051304
    27.284809
    24.502150
    26.440773
    30.145840
    39.664768
    46.829899
    43.501457
    44.382248
    44.112148
    33.554688
    27.022633
    25.181009
    22.835222
    27.087212
    34.492233
    36.992210
    45.029915
    47.831821
    40.610039
    30.685272
    25.024223
    20.969818
    19.756012
    22.041428
    28.393459
    36.313095
    49.898361
    68.233200
    43.126923
    30.559484
    21.920137
    20.076122
     1.971895
    12.017727
    17.116573
    26.175787
    31.192125
    34.264915
    31.394003
    25.559467
    20.417210
    18.034225
     1.334132
     0.632971
     4.783823
    12.331932
    19.371813
    21.222343
    21.257898
    19.715452
    16.224411
    11.301896
    25.415216
    29.287136
    23.962637
    19.374708
    18.380184
    14.152752
     8.776911
     3.897703
     0.217708
    -3.434817
    37.611877
    53.349285
    39.943619
    31.720774
    25.429941
    20.739494
    15.601549
    12.931935
     8.641327
     2.982280
    50.432964
    57.009750
    45.485786
    32.386784
    24.880941
    19.741783
    18.970259
    17.402454
    16.131439
    12.603407
    59.665604
    44.040249
    29.574566
    20.618582
    16.725498
    14.958077
    17.838722
    20.605614
    22.300848
    20.093508
    45.789211
    37.561752
    30.335468
    22.165520
    16.746281
    15.550531
    18.297035
    21.903912
    27.638071
    25.011332
    45.896645
    48.446804
    32.852570
    16.355619
    14.319090
    15.258402
    22.808380
    39.358768
    44.726879
    31.594025
    43.262825
    38.872437
    12.923321
    10.512739
    13.002198
    15.295841
    22.475763
    36.747181
    36.809181
    31.113150
    39.461853
    34.750103
    15.287271
    10.834266
     3.124140
     2.832993
    11.765183
    21.519558
    24.338226
    25.309866
    25.426712
    20.546690
    17.017366
     7.855031
     1.463041
     1.936795
     4.416707
     7.628982
     9.480062
    15.794813
    24.835081
    23.545631
    15.935016
     9.374472
     4.593075
     4.308801
     5.792729
     8.094129
    10.474637
    13.839478
    27.534105
    26.432695
    21.237019
    16.821442
     9.438383
     8.516377
    10.204653
    11.291435
    11.911783
    15.436765
    30.802420
    31.129732
    35.228386
    29.466150
    16.093235
    15.052950
    15.354749
    15.605249
    13.959838
    17.120857
    30.327860
    36.424870
    48.418697
    44.185570
    27.503040
    22.420242
    23.055563
    21.101772
    17.776949
    19.255526
    30.098909
    36.785286
    52.584282
    75.158630
    34.632046
    27.547510
    26.726940
    23.251865
    20.163458
    21.309116
    29.497644
    30.533636
    43.888447
    56.332306
    43.606869
    36.017757
    33.495583
    28.353809
    21.852802
    20.354561
    23.676044
    28.920284
    31.349649
    44.615849
    46.254505
    45.103069
    44.609589
    28.102770
    22.479053
    22.490683
    21.245640
    20.278831
    26.853439
    35.532616
    45.039261
    58.466660
    43.466270
    30.358376
    25.788525
    21.772959
    18.177832
    18.407526
    19.074503
    30.100122
    36.718369
    42.533802
    40.245266
    29.780954
    23.022356
    20.209566
     3.847410
     9.065355
    13.296006
    19.399069
    23.621006
    27.780380
    24.828518
    21.752836
    18.169949
    15.791058
    -1.119217
     0.282666
     1.376258
    10.723244
    12.810938
    15.126502
    14.142060
    12.321274
     8.753216
     2.539403
    31.295650
    32.428783
    27.559317
    23.593130
    17.243134
    13.533886
    10.364753
     6.690715
     2.588634
    -2.618379
    42.060890
    45.824291
    43.710239
    32.683670
    26.885050
    21.038918
    15.234015
    11.493259
     6.149257
     1.817932
    55.612827
    69.109795
    53.390079
    37.933857
    26.569059
    20.000565
    17.440647
    14.709438
    11.119364
     6.723651
    68.863808
    71.284401
    38.316074
    25.148766
    18.663408
    14.994304
    14.906092
    15.096244
    16.134556
    12.178362
    54.843460
    49.018250
    33.904972
    24.490498
    16.806982
    12.141674
    12.021743
    12.325350
    15.805209
    15.871546
    54.065887
    57.636673
    39.880833
    24.610569
    14.864222
    11.175577
    12.194554
    17.738987
    19.479275
    20.146862
    53.969997
    55.910110
    50.980324
    14.445350
     6.475572
    10.605410
    19.320927
    35.480850
    30.065441
    22.918352
    47.879185
    60.485371
    44.595768
    13.113396
    14.147874
    17.990595
    26.246891
    40.744221
    28.057354
    24.194901
    46.827446
    29.424248
    41.753078
    23.026999
    17.139545
    13.343815
    21.537426
    28.815666
    25.287350
    23.559334
    28.150461
    36.276604
    36.451565
    30.884520
    17.937862
    13.318181
    15.350841
    16.185986
    11.709652
    16.549194
    29.382277
    31.792545
    37.413742
    37.126312
    25.389082
    23.993864
    20.452366
    17.567936
    14.473587
    18.616093
    31.452559
    34.323589
    44.013439
    45.640869
    38.242134
    28.152948
    22.058702
    16.815304
    14.726085
    19.045137
    33.384468
    35.438606
    46.281445
    57.755524
    49.293949
    42.779587
    38.408325
    22.801729
    18.251987
    17.192154
    32.176704
    39.758678
    51.655712
    74.777023
    52.939545
    48.902168
    55.172630
    25.128016
    19.097145
    18.354727
    29.278166
    30.501530
    46.073582
    47.658661
    42.852814
    51.729065
    46.968853
    30.419231
    23.115314
    20.690187
    27.016283
    26.781450
    27.177578
    33.263943
    36.296211
    46.745243
    54.375023
    38.370922
    26.660784
    22.812952
    22.850636
    21.934265
    22.345058
    23.104588
    30.991863
    35.177685
    35.979301
    30.193439
    25.504803
    19.789988
    16.619270
    19.607883
    17.048582
    18.446613
    19.502422
    28.403255
    26.967319
    22.866343
    18.900730
    16.150505
     7.244560
    11.831713
    12.705584
    13.328961
    12.339264
    15.611359
    17.333313
    16.020527
     9.237921
     4.252118
     0.151779
     2.593038
     6.397047
    11.108263
     9.684598
     7.751481
     7.861144
     7.365199
    -2.038641
    -4.086935
    29.153486
    28.289459
    25.748663
    21.904858
    17.765991
    14.949812
    12.202843
     7.374074
     1.321001
    -6.295234
    38.501854
    38.168793
    33.087833
    28.677202
    25.320021
    19.737951
    14.470227
    11.179988
     6.425567
     0.313691
    53.401634
    56.119419
    49.004162
    40.714886
    30.406063
    22.556206
    17.685158
    13.614166
    10.204296
     4.660530
    74.206985
    80.309906
    51.987400
    32.304283
    18.894890
    14.186909
    13.884891
    12.368787
    10.779794
    10.095714
    83.556351
    60.869247
    43.999638
    31.030140
    19.701160
    13.039888
     8.682642
     7.217481
    11.056141
    11.378519
    70.715103
    76.281670
    56.389423
    31.293142
    17.304365
     9.843398
     7.472570
     9.461020
     9.373392
    12.442331
    64.714493
    77.895081
    53.484013
    32.615738
    19.739319
     9.944139
     6.488791
    11.331987
    14.535761
    11.280240
    54.221642
    57.446579
    56.315941
    36.445820
    21.238867
     7.302922
     8.268366
    12.851673
    14.704105
    14.565028
    45.314320
    52.774612
    56.561020
    34.119972
    16.296631
     8.841288
     9.753691
    14.107739
    14.151393
    15.567199
    45.313755
    47.796989
    41.249146
    30.429846
    23.198914
    18.645245
    22.312656
    22.700466
    18.139057
    14.884025
    40.296291
    37.569836
    44.147846
    42.866772
    29.776695
    24.303627
    22.687382
    24.279631
    19.131975
    17.572626
    38.725956
    37.126060
    50.320908
    56.380753
    38.641819
    28.696285
    23.145206
    19.712162
    20.916096
    15.073998
    39.747551
    43.517551
    54.846722
    72.013054
    44.626007
    31.200537
    25.526226
    23.612967
    15.272305
    14.714540
    36.788868
    43.685814
    59.516689
    78.034370
    46.842457
    35.047935
    27.893112
    21.209801
    14.168587
    14.637043
    35.627956
    36.184704
    45.195381
    48.933102
    37.685261
    28.413151
    23.230740
    18.022980
    15.269012
    14.557932
    29.671314
    31.827320
    30.615265
    29.432842
    25.191635
    22.100780
    20.852329
    19.453032
    15.257165
    13.502623
    21.283703
    23.569185
    25.157949
    21.732941
    20.180933
    18.899370
    17.863693
    16.146832
    12.613735
    11.389346
    16.863178
    16.839798
    17.831707
    19.442282
    18.189159
    15.100153
    11.568100
    11.189569
     8.978455
     7.596790
     9.499067
    10.583401
    10.387118
    11.843514
    12.695468
    12.258512
    11.006771
     8.632369
     6.746768
     2.268282
     0.962984
     1.902913
     4.317451
     6.086214
     8.350283
     7.578174
     3.335746
     2.292055
     0.054735
    -0.831609
    25.701275
    29.245975
    24.220707
    20.367636
    16.632679
    12.037878
     9.709855
     8.263834
     2.297169
    -7.323856
    38.938717
    36.442959
    31.281075
    25.337820
    19.651960
    16.666288
    12.717242
    10.611987
     6.590629
     1.138390
    50.823341
    52.805599
    45.038124
    33.507961
    24.734236
    21.925159
    16.954525
    13.412878
    10.687736
     7.004163
    65.817696
    92.992195
    64.861908
    42.397297
    28.685238
    18.061785
    14.870967
    14.783978
    11.308906
    11.542177
   104.076126
   100.626099
    55.205715
    34.811020
    21.915695
    16.655313
     9.377535
     7.971422
     9.312190
    10.640605
    83.542809
   100.332359
    59.665417
    43.951393
    29.344769
    19.334230
    12.640592
     7.591241
     6.142887
     9.086037
    68.946869
    93.073509
    73.219078
    42.012398
    24.910261
    16.059238
    10.185213
     8.187063
     7.511191
     9.207721
    58.211983
    67.775291
    54.584938
    29.907955
    18.488964
    12.286417
     6.391898
     6.388833
     7.919441
    10.119408
    57.989098
    57.157833
    45.511398
    35.168034
    21.165680
    13.285814
     7.849800
     8.153826
     7.102790
     8.732913
    55.053505
    45.643852
    61.103088
    44.366856
    23.456619
    13.053490
     9.906194
     8.690518
     7.334148
     9.484217
    49.214531
    46.721489
    51.765217
    41.536476
    25.871325
    15.966924
    10.850269
     8.273875
     8.483370
     9.868505
    44.581348
    47.399776
    50.312923
    46.860256
    33.983704
    21.441570
    13.537710
    12.598976
     8.828486
    10.516849
    42.514931
    48.518551
    55.193768
    58.036476
    41.519321
    26.488201
    19.639734
    11.877807
     9.808368
    12.048227
    37.341927
    48.447769
    53.581833
    62.510235
    42.110542
    27.717909
    17.542175
    13.049461
    12.414827
    10.524929
    33.619995
    39.240505
    43.697502
    42.513676
    30.914083
    24.278233
    17.862246
    15.143325
    11.385470
    11.874624
    23.348764
    29.995600
    34.314301
    35.095406
    28.047688
    21.329485
    16.505344
    12.750162
    13.071407
    13.873030
    18.184490
    19.564653
    20.847342
    22.310843
    21.277586
    19.949236
    17.680294
    15.972307
    11.766121
     7.409339
    13.686174
    14.348057
    13.679999
    14.893187
    15.497024
    14.428843
    12.921790
     8.852324
     6.988454
     6.630020
     6.093704
     8.927919
     8.648414
     9.485490
     8.668901
     7.184600
     7.126668
     5.853510
     3.030896
     1.048315
     1.050602
     0.460784
     0.657279
     3.380311
     3.711152
     2.186474
     0.846612
    -0.328965
     0.218774
    -0.541028
    24.058867
    26.871803
    26.527878
    22.172726
    17.539497
    13.888990
    11.861546
    10.530020
     5.151228
    -5.418154
    39.991474
    37.294449
    34.039253
    25.956211
    21.741478
    16.550537
    11.611995
     7.322790
     7.666219
     4.153789
    55.539062
    49.657597
    43.031414
    36.096073
    26.064663
    17.449490
    13.427332
    12.155639
     9.172667
     7.091640
    66.689438
    72.982658
    66.199020
    50.141201
    34.825352
    25.477098
    18.465656
    12.840717
    10.050745
     9.776715
    87.362022
   111.094498
    82.846451
    49.324825
    28.776035
    20.320887
    14.957646
    13.392905
    13.225107
    11.639693
   118.420341
   106.142990
    56.190979
    39.089169
    26.087494
    16.783527
    10.711821
    10.102452
    12.381719
    11.961333
    80.564102
    80.263779
    60.217041
    40.665112
    31.536676
    21.777292
    13.688054
    11.201214
     8.888970
    11.396682
    52.521687
    53.161625
    55.171764
    44.572392
    28.190176
    15.177482
    11.854626
    10.302153
    10.514471
    13.590304
    46.954014
    53.079102
    56.975822
    37.647449
    21.848064
    11.159557
     9.981224
    12.844715
     9.250778
    12.442657
    45.613297
    60.476898
    75.200203
    39.148205
    21.174107
    13.463452
     9.190189
    10.436274
    10.328023
    11.622174
    44.906067
    61.725430
    59.161064
    43.212421
    24.921154
    19.191696
    14.513945
    10.736788
     9.051452
    12.977483
    41.058380
    48.948845
    62.710789
    54.644924
    34.695122
    21.790033
    15.696431
    11.053725
     7.827414
    14.215596
    38.467953
    42.747112
    57.700317
    55.978813
    39.747391
    27.440458
    16.378342
    10.097304
    13.797600
    11.614423
    32.449589
    36.880329
    46.581444
    49.849239
    35.418377
    22.850235
    19.324459
    17.442390
    10.656428
    14.718038
    28.475901
    32.120663
    37.155029
    39.348789
    33.234501
    26.115416
    18.065878
    17.592789
    15.223794
    11.473349
    20.416754
    22.263342
    23.140196
    24.083485
    22.715305
    21.591480
    18.586239
    14.659007
    11.455013
    10.584750
    15.169787
    14.798414
    16.672750
    17.678354
    17.574694
    16.697548
    13.825353
    11.491403
     9.178830
     8.251752
    12.496592
    11.427642
    11.637987
    11.837581
    12.504859
    11.444796
     9.437267
     7.354938
     7.418362
     4.010769
     3.553468
     7.177783
     7.284714
     7.842112
     7.421185
     6.895568
     4.667807
     4.442591
     1.338196
     1.512226
    -0.081059
     1.064406
     0.255950
     0.856217
     0.928912
     0.227065
     0.277123
     0.785502
     0.696512
    -2.183630
    28.252302
    25.300169
    22.490284
    21.110012
    15.765738
    15.071229
    12.701726
     8.191383
     2.875967
    -4.251090
    41.355373
    42.309807
    35.590580
    28.867138
    21.480152
    14.371736
    11.556118
    11.222734
     8.789213
     3.204477
    55.256172
    49.801296
    44.161461
    36.125317
    27.406469
    19.608139
    16.781204
    11.311344
     8.630445
     9.586729
    67.801537
    66.504021
    50.544041
    39.797520
    30.917419
    24.766754
    17.871233
    12.456126
    12.552186
    12.750611
    78.377785
    77.119652
    65.310371
    50.264118
    39.130695
    28.773735
    20.747778
    15.897077
    12.943723
    13.749701
   103.787453
   117.126068
    82.153954
    53.201981
    29.019306
    20.037073
    19.143970
    17.377546
    15.554170
    11.594450
   104.732086
   101.642372
    61.127602
    38.915699
    26.538427
    20.163673
    17.022074
    11.150216
    14.322362
    13.258072
    64.858803
    53.218899
    44.162636
    34.110878
    25.075373
    18.776203
    16.156515
    14.603017
    13.624360
    12.727315
    46.194920
    42.079430
    36.967731
    32.833584
    26.591492
    19.584951
    17.183231
    14.163043
    11.548214
    14.392576
    41.763229
    40.608849
    42.270473
    39.204491
    33.330078
    24.816416
    19.957489
    14.581889
    12.921873
    15.767219
    41.239796
    44.758556
    51.702347
    44.612053
    36.131264
    24.312807
    18.389584
    11.337501
    16.016016
    11.151197
    41.464806
    47.970943
    51.503567
    45.757538
    34.628426
    24.461681
    14.671288
    14.771416
    17.451496
    17.820395
    40.060463
    38.508530
    39.281502
    45.331806
    30.723957
    21.700247
    19.889414
    19.801157
    14.451952
    12.639320
    35.927319
    32.555233
    37.700626
    39.131649
    32.049545
    29.209703
    18.824234
    19.209057
    13.411978
    12.070493
    25.925571
    25.618635
    27.566654
    26.471033
    23.380836
    23.574642
    22.181034
    14.546205
    12.433053
    10.658913
    22.204502
    19.561634
    19.764853
    19.560530
    18.767784
    17.190334
    15.146742
    13.893042
    12.229281
     9.637079
    17.531187
    16.745398
    17.059063
    18.556561
    18.077412
    16.401438
    13.021234
    10.151970
     9.225183
     5.501713
     8.067011
    12.566505
    12.255459
    11.749464
    11.499091
    10.699759
     9.538839
     8.042558
     3.311605
     4.373074
     2.722250
     3.433295
     4.440166
     4.662400
     3.544039
     3.339734
     2.942664
     3.847691
     4.116950
     2.423630
    -0.291790
    -0.120725
     0.399231
     0.799919
     1.609172
     2.416531
     2.825114
     2.836215
    -0.461670
    -4.517493
    36.328098
    35.126892
    23.464802
    16.212233
    11.427102
     7.480019
     4.100587
     1.521763
    -0.836466
    -3.122883
    40.255173
    46.993668
    41.659889
    33.112087
    25.622890
    18.331141
    11.958479
     3.880536
     1.049165
    -3.009870
    60.620388
    62.023098
    46.748714
    35.591026
    25.613205
    19.288645
    15.450625
    15.688253
     7.853157
    -0.459944
    69.404396
    68.311256
    56.448521
    42.130268
    32.451900
    27.056364
    23.205957
    14.497465
    16.948055
     7.606614
    86.100655
    77.815231
    58.193134
    43.002327
    32.552704
    26.416508
    22.081991
    17.767380
    15.744365
    17.131878
    90.157043
    80.094116
    61.547012
    51.661018
    38.098293
    30.778139
    25.228540
    21.894581
    19.650627
    13.168544
    84.843788
    86.942444
    65.916458
    47.155128
    36.681816
    31.588093
    22.885109
    25.666546
    20.230343
    12.795825
    66.664307
    59.943558
    46.663094
    37.706062
    28.905016
    25.692974
    25.285107
    21.794357
    18.287880
    12.905107
    49.245785
    44.633331
    37.244980
    31.796930
    26.188362
    25.074512
    24.419830
    23.984533
    20.092516
    14.618633
    43.533894
    37.882511
    35.827347
    32.485683
    29.162148
    22.674131
    21.581789
    19.422359
    24.152416
    21.338362
    38.221764
    37.036049
    39.939137
    38.646236
    30.336231
    22.292290
    21.923717
    25.692730
    14.967086
    21.138760
    36.254883
    41.458473
    51.953880
    49.085281
    31.990488
    29.144550
    25.066198
    25.722792
    26.354057
    15.142822
    32.919239
    40.072594
    48.238163
    48.995003
    38.526947
    34.229237
    24.166439
    29.973116
    17.757044
    11.184527
    28.358675
    31.787083
    37.460457
    37.122303
    33.153721
    27.126713
    31.312044
    19.664448
    14.449264
    12.196238
    25.332199
    26.621426
    33.539474
    39.883701
    37.003025
    24.028822
    23.677488
    18.626509
    13.135728
    12.306179
    16.635109
    21.739088
    29.412949
    31.486828
    30.535286
    26.382233
    19.710976
    15.489322
    13.330305
     7.994285
     5.376795
    10.461198
    19.120182
    20.933838
    19.664398
    17.530970
    15.324770
    12.853251
     6.958799
     9.202261
     4.303154
     4.156851
     8.118690
    12.032578
    11.762585
     8.563781
     7.542624
     9.939318
    10.581648
     3.185761
     1.795943
     0.632023
     1.281542
     3.029980
     4.998647
     7.621617
     9.151783
    11.332881
     5.096868
     0.007861
     1.030287
     0.703505
     1.058710
     2.161476
     3.273175
     2.597709
     2.132890
     2.627552
    -1.732532
    -7.086065
    34.591942
    32.387207
    23.984709
    16.876446
    10.242644
     6.292038
     3.168461
     1.347696
     1.120936
   -10.651251
    47.612724
    49.660793
    33.624180
    23.625109
    17.751402
    10.399738
     6.234297
     2.599437
    -0.810005
     0.537939
    76.732536
    79.544701
    59.720528
    42.797394
    32.977062
    28.254223
    24.098198
    13.522386
     0.802603
    -2.674749
    86.749565
    88.612343
    59.349861
    42.265118
    33.433285
    24.125555
    20.893780
    25.940359
    13.998577
    -0.465786
    90.121948
    93.449066
    64.116745
    46.066143
    34.869419
    31.854939
    36.531345
    21.013235
    24.450752
    11.886500
    82.492477
    74.017715
    53.876095
    39.980389
    31.998259
    30.112106
    35.197479
    24.091267
    17.477627
    19.976204
    58.480801
    53.033710
    51.707893
    41.785316
    34.122852
    26.747955
    26.439121
    27.585667
    20.603809
    22.456064
    49.598919
    47.597103
    42.151764
    37.267582
    31.120991
    23.494749
    22.520918
    24.270643
    19.752819
    22.743221
    43.182026
    42.075005
    37.887054
    31.338934
    27.520714
    24.555744
    20.659023
    25.619543
    24.512899
    23.177961
    39.176540
    37.920399
    35.646648
    30.382446
    24.179749
    23.347927
    25.444431
    36.430466
    15.301528
    17.572573
    36.659866
    35.460686
    40.750198
    33.312130
    26.419130
    25.649261
    34.423203
    33.931881
    32.332401
    11.660419
    32.052322
    35.094624
    37.951630
    35.329048
    33.309834
    31.026787
    23.222647
    51.790524
    21.734646
    11.516636
    25.903492
    27.591028
    30.238539
    29.965471
    27.625290
    32.086700
    41.580883
    33.828316
    18.193916
    10.266660
    23.222775
    26.300514
    33.741917
    41.296806
    33.100216
    28.032686
    29.008650
    23.319944
    13.525599
    11.073133
    18.870100
    25.295708
    35.586098
    51.115372
    45.206635
    29.343716
    20.515263
    16.548931
    13.389687
    14.305321
     4.718358
     9.160138
    15.629359
    24.886625
    25.254129
    19.256851
    16.326263
    16.280960
    20.124355
    13.035042
     3.601533
     5.766689
     9.386328
    14.485638
    14.840578
    15.032560
    19.788857
    23.862452
    19.526279
     8.637026
     4.349700
     2.568921
     4.788965
     8.514949
    11.027526
    13.708529
    18.587959
    19.885378
     8.863436
     3.880248
     3.153629
     4.691177
     5.824795
     8.185248
     8.915129
     8.934501
    10.997809
    15.447339
     5.512078
    -3.890355
    -5.089439
    -3.732552
     3.306879
     5.643527
     5.397430
     5.186220
     1.911958
     5.580676
    -2.349385
    -3.878844
    33.366245
    31.017651
    23.952185
    17.328390
    12.247149
     8.237725
     3.634985
     6.573161
    -5.097157
    -8.265084
    44.638344
    42.392616
    30.774445
    20.948072
    13.968108
     8.956515
     4.493687
     1.438826
     5.766102
    -7.653249
    81.901451
    86.256073
    53.415951
    36.847504
    23.905758
    18.611332
    13.183928
     5.419679
     0.268153
     2.213893
    97.066772
    94.467682
    63.819256
    45.972351
    38.242199
    36.633827
    31.546215
    18.769453
     3.410029
    -0.786098
    75.210419
    77.370834
    56.477139
    41.402454
    31.863844
    33.640774
    50.333546
    30.977234
    14.267131
     0.033722
    61.249466
    58.924866
    48.909168
    39.262245
    32.178585
    24.982397
    22.499273
    34.021385
    18.084417
     5.594805
    50.727158
    48.771587
    43.351917
    37.761925
    32.909863
    28.079689
    22.220566
    19.841408
    25.970654
     9.914564
    45.277435
    44.660900
    37.020874
    31.695599
    28.005756
    27.275082
    26.399071
    17.975342
    25.573357
    12.749841
    42.821480
    37.198689
    31.851234
    29.273714
    27.656551
    24.418762
    24.394753
    20.377041
    25.620859
    12.189157
    39.685493
    36.700855
    33.962681
    30.687319
    28.069685
    25.699276
    24.868616
    22.122580
    22.425720
    10.850982
    35.819012
    36.124432
    38.482300
    35.537998
    29.410231
    23.316816
    20.011826
    32.007954
    13.286950
     9.051773
    32.942062
    26.923792
    29.246902
    28.553524
    23.609854
    27.433599
    32.664001
    25.399500
    14.977294
    13.444628
    27.398968
    26.916092
    28.522209
    30.015808
    31.144411
    23.347237
    26.898464
    20.302126
    19.616589
    14.043958
    22.072405
    24.307226
    29.475904
    34.199409
    30.515572
    24.589235
    18.903870
    34.506809
    22.581699
    13.952441
     7.994695
    10.690576
    16.501524
    23.130487
    24.284550
    19.499491
    23.214233
    45.848415
    24.767683
     8.491169
     5.824719
     7.174275
    13.762496
    31.593067
    32.165565
    22.273499
    28.053501
    41.503109
    20.943264
     6.891172
     8.217912
     8.227971
     9.829966
    19.330242
    23.782650
    18.550268
    22.277456
    25.184826
    14.062295
     4.946629
     5.622005
    10.393991
    15.439634
    25.377394
    25.035517
    19.472486
    16.677179
    19.911564
    10.781687
     1.880114
    -1.123158
     1.119273
     7.529216
    12.603815
    21.555367
    17.115164
     9.204247
    16.605303
    -0.278887
    -0.273594
    -5.718703
    -6.004014
    -3.721038
    -2.709618
    -2.724333
    -4.298287
     0.377998
     7.573905
     5.744945
     1.927272
    32.657738
    32.577919
    23.362997
    17.076788
    12.153859
    10.874719
     9.938934
    -0.391346
    -4.702488
    -6.653666
    45.594227
    44.691883
    29.061872
    19.915310
    13.424998
    10.435992
    13.630317
    12.394318
    -1.197998
    -6.654878
    50.293743
    53.217022
    35.100533
    23.138273
    15.726338
    13.752946
    13.309397
     7.405254
     6.388675
    -5.005250
    69.587044
    72.508545
    46.723557
    31.873753
    21.504961
    17.192047
    14.339407
     5.817445
     3.488010
     1.845271
    68.089638
    74.484795
    54.044926
    40.938007
    32.453152
    28.308577
    21.046028
     8.207535
     1.235324
     3.679023
    48.176407
    47.432030
    43.697067
    37.926807
    35.069054
    28.567732
    23.128017
    19.318331
     4.543527
     2.305429
    42.170284
    40.644020
    38.770508
    34.613251
    31.771837
    30.083054
    27.965864
    18.356695
     9.121943
     2.661144
    39.923592
    37.515175
    34.442616
    30.607653
    27.476578
    26.139971
    26.958534
    21.975676
    12.816431
     3.747919
    37.212372
    35.120602
    33.016762
    29.616102
    26.054180
    22.441248
    26.181347
    20.582077
    13.537245
     6.035920
    36.306187
    35.885105
    37.439262
    33.097969
    27.047617
    23.002476
    27.410742
    20.247650
    13.115581
     4.422304
    35.083588
    37.333042
    47.086651
    34.190163
    25.754961
    27.869278
    20.543015
    14.645281
    11.916250
    -0.935348
    30.605057
    31.017118
    32.252117
    31.254574
    25.189581
    22.137148
    17.006739
    14.839330
    13.357307
     0.722450
    24.299515
    25.276083
    26.650629
    25.510048
    21.889025
    19.175808
    15.564279
    18.094130
    12.545689
     2.346435
    14.277840
    15.862769
    17.510494
    18.846844
    15.588539
    16.142551
    17.395298
    17.726505
     6.327755
     4.081645
     8.159423
     8.162943
    11.394908
    17.145197
    16.927465
    16.160734
    18.372837
    11.598905
     8.664086
     5.483865
    11.015341
    11.999567
    16.900356
    26.940472
    20.453804
    16.671383
    14.778584
    15.034529
     8.572144
     7.236869
     7.365542
    13.448709
    23.451857
    37.184978
    36.260895
    25.436230
    17.687038
    11.104623
    10.739271
     0.546933
    -1.473750
     5.649524
    10.538424
    16.873882
    20.828724
    13.871286
    11.905379
     7.669025
    -0.570852
     0.336152
    -3.797867
    -3.630377
    -2.658215
     3.743850
     7.882034
     2.371093
    -0.463845
     2.033788
     3.606471
     2.477293
    -4.061382
    -2.451203
    -0.357452
     4.355727
    10.151701
     4.851800
     3.906980
     4.729798
     3.833641
     2.139840
 