    8.858621
    -6.582972
    58.637615
     2.601500
     1.202698
     0.840581
     0.587307
     0.700768
     1.043149
     1.384925
     2.049500
     3.499470
     4.393239
     2.012558
     0.732045
     0.181454
     0.000352
    -0.158426
     0.134705
     0.597323
     1.781289
     1.441826
     3.325692
     1.160965
     0.613578
     0.618262
     0.579670
     0.343557
     0.635147
     0.046359
    -0.175523
     1.298298
     2.142537
     0.551676
     0.399866
     0.582220
     0.766562
     0.290086
     0.187635
    -0.180410
     0.199524
     0.493525
     1.993767
     1.239376
     0.446571
     0.389802
     0.469647
     0.547831
     1.074330
     0.299682
     0.725052
     0.838944
     1.802896
     0.782352
     0.645990
     0.683116
     1.430818
     1.534317
     0.903483
     0.413908
     0.785132
     0.781866
     1.526747
     1.456137
     1.832820
     1.881074
     2.079029
     2.335386
     1.889592
     1.050244
     1.245671
     1.740533
     1.678325
     1.066076
     2.100101
     3.101270
     4.395283
     3.667819
     3.099151
     1.675150
     1.679776
     2.192606
     2.916906
     1.684078
     2.791294
     5.317536
     7.449069
     5.224717
     3.700762
     2.965682
     2.765080
     1.980551
     3.452944
     1.012286
     2.926669
     5.619063
     9.282744
     8.174980
     5.618471
     4.330583
     3.339879
     3.549171
     3.152009
     0.779899
     2.649889
     5.841249
     8.544161
     8.776487
     7.306190
     4.640548
     4.391442
     3.804880
     3.959594
     0.862558
     2.056415
     4.715013
     6.867659
     7.098690
     6.783463
     5.966949
     5.220698
     4.382781
     4.643486
     0.062043
     1.336888
     3.508672
     6.703611
     8.840561
     8.058783
     5.935613
     5.614612
     5.169375
     5.376118
     0.326062
     1.165384
     4.518977
    11.931060
    15.133861
     8.876335
     6.450272
     5.003309
     5.147241
     5.972904
     0.287563
     0.945386
     3.757762
    11.856681
    16.694742
    10.375406
     7.971824
     6.037200
     5.633616
     6.746643
     0.492007
     0.823557
     2.308383
     4.784583
     6.185588
     5.715199
     5.335147
     5.581636
     6.342569
     7.528989
     1.013268
     0.884364
     1.581550
     2.761087
     3.763722
     4.499127
     5.262673
     6.117549
     6.889562
     7.792230
     0.866483
     0.428786
     1.154359
     1.767271
     2.845936
     3.907658
     4.783190
     5.976666
     6.597485
     7.980485
     2.493245
     1.826175
     1.605653
     1.686453
     2.656709
     4.026082
     5.195638
     6.807863
     8.431245
     9.505792
     5.465184
     4.519143
     3.926391
     4.414309
     5.274030
     6.590393
     8.102608
     9.443155
    10.617399
    11.918845
     1.798556
     1.120083
     2.084457
     2.056458
     2.529156
     2.531975
     1.975823
     2.364843
     2.891416
     4.142977
     1.978486
     1.888642
     2.197954
     2.418231
     2.460229
     2.355320
     2.535038
     2.933653
     3.272753
     4.052993
     2.223187
     2.261497
     1.936684
     3.232270
     3.246837
     2.399413
     2.264345
     2.819169
     3.029772
     4.550010
     3.141592
     2.811691
     2.875059
     3.686522
     4.262536
     3.038494
     2.317907
     2.589425
     3.794421
     5.423199
     3.233403
     2.583470
     3.291848
     4.266140
     4.294169
     3.307600
     3.792528
     3.686291
     4.415965
     5.858345
     3.320234
     4.791248
     5.058940
     5.409081
     5.521518
     3.913930
     4.493184
     3.595715
     4.757598
     5.857535
     3.994159
     5.360834
     5.980765
     4.816802
     5.566570
     5.547207
     4.655715
     4.370577
     5.706644
     6.780283
     4.165711
     5.172272
     8.734907
    10.445791
     9.819738
     6.734742
     6.548573
     6.527271
     6.234249
     7.127714
     5.481387
     7.835248
    13.053355
    20.994055
    14.344637
     9.551452
     7.791149
     7.166662
     7.047063
     7.309547
     4.748315
     8.413127
    15.128841
    28.830866
    20.584229
    12.697532
     9.176595
     8.018367
     8.274343
     8.365233
     4.728580
     7.149885
    12.371551
    23.390341
    22.283926
    14.969656
    11.605886
    10.525412
    10.331880
    10.598140
     3.209201
     5.632589
     9.574897
    15.892138
    18.005680
    15.976116
    14.135420
    12.627525
    12.643267
    12.016560
     3.233177
     5.439131
    10.440290
    15.135893
    18.338596
    16.684269
    15.348768
    13.323908
    13.220669
    13.293041
     2.464927
     7.532649
    11.302767
    19.104107
    24.963207
    17.753353
    15.031204
    13.963728
    12.610404
    13.406053
     4.159689
     5.699958
     9.314551
    17.686848
    22.457062
    17.032818
    13.349970
    12.868296
    12.790404
    12.742703
     3.450531
     5.080052
     6.972359
     9.680998
    11.960735
    12.186998
    12.169043
    10.951305
    10.447946
     9.455209
     0.850460
     2.979989
     4.002786
     5.329188
     7.134876
     8.396341
     8.824168
     8.557714
     8.546936
     9.398746
    -0.608633
    -0.821824
     0.075998
     1.265110
     2.709620
     4.176649
     5.891706
     8.063404
     9.828272
    11.330366
     1.279267
     0.614639
     0.319819
     1.096709
     2.563775
     5.026899
     8.203874
    10.512422
    12.777639
    14.098536
     3.054759
     2.279832
     2.589123
     3.581683
     5.209547
     6.985671
    10.028487
    11.614420
    13.659771
    15.419490
     2.824085
     3.503273
     3.640960
     4.193074
     5.304008
     5.742707
     5.615916
     6.013308
     7.329899
     7.997413
     3.673583
     3.947618
     4.901503
     3.902576
     3.997774
     4.355281
     5.329408
     6.310683
     7.943612
     9.062464
     3.434175
     2.454516
     2.610022
     3.514889
     3.176039
     3.776148
     4.466244
     6.456423
     8.700387
     8.255335
     3.074187
     2.397236
     3.311594
     6.135734
     4.296899
     3.440141
     4.135312
     6.477811
     8.720851
     9.850092
     2.572834
     1.960905
     3.061645
     5.234838
     3.989109
     3.716048
     4.975074
     6.810096
     9.224371
    10.966052
     2.853872
     2.379173
     3.251844
     4.869835
     4.126060
     3.939527
     5.135518
     7.486312
     9.926840
    12.687555
     3.188250
     3.105793
     4.460438
     5.748256
     5.809350
     5.477569
     6.072502
     8.392227
    10.946295
    13.599017
     4.316329
     5.271010
     8.170097
    10.645656
     9.123348
     7.356321
     7.674941
     9.153543
    12.391655
    14.865590
     5.408526
     7.301912
    14.387792
    24.384333
    15.446594
    10.712759
     9.642115
    11.183287
    13.816403
    16.375725
     5.720155
     8.398271
    15.530039
    23.174009
    18.866980
    14.074137
    12.249140
    12.954104
    15.734983
    18.477045
     5.456681
     7.337980
    12.636689
    20.882851
    25.620510
    18.227272
    15.874581
    16.389952
    18.845602
    20.456450
     5.331283
     6.764342
    11.027660
    18.054131
    26.720318
    22.254557
    19.506716
    19.739712
    21.611238
    22.687763
     6.233320
     7.824591
    11.497481
    17.123215
    22.520279
    23.559692
    22.109467
    22.386032
    24.201118
    23.769646
     6.244108
     7.653651
    11.701035
    19.004597
    28.021038
    24.578197
    22.614864
    22.874971
    24.772732
    23.484978
     6.173126
     7.397511
    11.143774
    18.227444
    24.941698
    22.464476
    21.259090
    20.772825
    22.586437
    22.299992
     5.996788
     6.773855
     9.379696
    13.440924
    16.724354
    18.462036
    19.016182
    20.351183
    20.425785
    20.863249
     4.493489
     4.585603
     6.106761
     8.631028
    12.218065
    14.226044
    17.398891
    19.263983
    19.229370
    18.712772
     2.841308
     2.322493
     3.744580
     4.838607
     7.658399
    11.249072
    16.864122
    17.102768
    17.318506
    17.495102
    -0.352874
     0.308509
     1.166833
     2.522405
     3.732058
     8.030374
    15.351566
    15.357635
    18.766834
    23.861031
     2.254917
     1.025244
     1.314711
     2.394664
     3.877913
     8.038097
    16.382967
    15.949683
    20.153801
    26.165432
     3.531356
     4.123628
     4.526592
     5.008971
     6.952079
     6.387710
     7.789396
     9.901167
    11.900420
    13.651010
     4.761201
     3.717534
     4.389839
     2.145047
     2.586538
     3.486679
     5.217469
     7.864597
    11.232051
    14.338835
     1.850494
     0.807057
     0.798185
     1.303919
     1.444296
     2.264343
     4.108197
     7.428847
    10.935077
    14.122332
     1.579378
     0.934701
     1.758816
     3.916291
     2.649573
     2.592306
     4.254340
     7.309135
    11.085048
    14.838423
     1.318504
     1.049891
     2.964039
     7.915100
     4.764810
     3.219922
     4.613944
     7.760726
    11.846711
    15.522995
     0.994101
     1.341762
     3.865466
     9.551432
     5.835439
     4.063913
     5.331586
     8.566800
    13.166949
    17.199459
     1.314467
     2.029228
     4.586529
     7.555836
     6.272674
     5.449071
     6.692006
    10.008764
    14.821285
    18.378475
     2.126782
     3.807788
     7.568628
    10.365694
     9.239374
     8.164070
     8.972123
    12.070989
    17.058529
    20.566275
     3.255616
     6.551401
    14.830278
    21.865963
    14.775738
    11.821677
    12.020884
    14.677144
    19.968258
    23.445065
     4.230758
     7.954871
    16.380749
    21.810226
    17.754152
    15.268068
    15.096609
    17.236921
    22.886993
    27.101818
     4.322366
     7.330439
    12.550265
    17.721613
    20.342102
    19.234892
    18.402523
    20.158863
    26.359211
    31.764860
     3.917384
     6.197486
    10.564559
    16.774023
    25.334152
    25.106659
    22.760616
    24.185682
    30.368439
    36.398094
     3.670572
     5.635707
     9.767380
    15.782282
    24.542608
    31.368771
    29.646379
    32.124744
    37.718945
    38.749752
     3.990608
     5.856448
    10.530286
    17.808022
    26.272554
    29.882109
    30.081213
    31.326717
    35.947647
    37.639114
     5.085290
     6.791915
    10.997499
    18.441364
    27.644680
    26.662006
    27.051136
    27.812662
    32.490520
    37.530499
     5.105887
     6.206608
     9.910092
    16.264574
    20.170376
    22.847731
    27.253569
    27.444769
    31.432974
    36.816235
     4.976957
     5.462518
     7.760922
    11.359421
    15.012105
    20.005089
    29.331947
    28.143879
    31.344723
    33.703331
     3.758567
     4.008225
     6.240233
     7.412866
    10.814711
    16.436907
    25.078892
    24.053392
    28.403410
    33.937988
     1.670029
     1.993230
     2.484558
     3.983033
     6.245140
    10.411977
    16.962597
    18.055256
    23.606436
    28.029650
     1.123573
     1.181320
     1.376812
     1.517976
     3.865513
     7.480672
    11.474948
    13.776356
    17.049177
    19.332859
     4.114208
     5.440136
     5.383353
     5.796024
     6.694347
     7.829280
     9.991427
    13.390093
    17.489075
    20.572390
     3.969452
     2.232648
     2.163663
     0.806752
     1.601572
     3.256195
     6.162918
    10.644568
    16.238621
    20.481058
     1.145029
     0.155028
     0.169041
     0.404340
     1.024957
     2.557733
     5.586980
    10.707528
    17.079054
    21.495314
     0.629505
     0.277174
     0.299079
     0.565961
     1.279586
     2.603889
     5.851487
    11.160350
    18.684780
    23.801867
     0.376537
     0.218964
     0.937473
     1.975889
     2.360162
     3.267727
     6.279872
    11.815034
    20.409622
    26.437376
     0.300903
     0.755423
     2.775701
     5.585995
     4.742082
     4.903914
     7.618252
    13.255199
    22.770920
    30.056852
     0.857742
     2.149468
     6.069055
    12.097232
     8.273245
     7.623757
    10.004319
    15.327693
    25.639530
    34.408215
     2.129838
     4.339972
     8.639152
    12.662239
    11.192380
    10.780568
    12.819356
    17.686457
    27.961842
    37.546867
     3.690731
     6.836009
    12.354091
    15.782264
    14.492409
    13.913908
    15.496740
    19.516617
    29.134396
    37.602467
     4.638410
     8.273252
    16.579359
    21.821774
    17.808941
    17.148151
    18.291872
    21.557079
    29.018955
    35.536232
     4.946015
     8.215752
    14.223410
    19.072081
    19.571568
    20.284462
    21.735983
    23.684383
    28.747149
    31.969402
     4.524322
     7.177327
    11.788194
    16.689947
    20.854725
    24.092375
    26.767811
    27.315664
    28.874088
    29.322863
     4.003929
     6.422859
    10.714796
    16.165667
    21.936554
    27.726606
    34.361557
    33.403713
    30.342291
    28.231955
     3.537676
     5.845521
    10.532694
    17.057262
    23.789228
    28.518597
    34.098782
    31.820091
    29.675550
    27.575911
     3.449423
     5.686735
    10.890019
    19.965824
    29.202015
    28.571091
    33.200500
    29.556282
    27.936888
    27.806440
     4.575090
     6.174879
    11.202225
    21.284851
    23.716825
    24.659214
    30.785505
    27.881643
    27.669714
    28.522306
     4.289376
     5.250006
     8.461442
    13.371528
    16.420620
    19.567551
    24.159786
    25.207708
    27.816586
    29.798763
     4.353796
     4.464008
     6.093331
     8.749791
    11.834191
    15.520025
    19.539961
    22.826567
    29.003311
    31.048344
     2.809738
     2.847038
     4.268497
     6.111491
     8.663877
    11.158284
    15.000147
    17.773687
    24.311749
    29.997612
     2.262540
     2.616375
     3.117572
     4.566076
     5.829550
     8.256474
    10.687031
    12.715179
    18.096508
    21.066496
     4.430587
     5.142289
     4.751055
     5.226833
     6.404314
     8.152626
    11.360756
    16.828154
    26.146927
    33.696350
     3.388506
     1.566765
     1.421332
     1.067078
     1.419629
     3.624591
     7.701886
    14.848682
    26.629780
    36.365677
     1.026244
    -0.709492
    -0.945022
    -0.529537
     0.637540
     2.778563
     7.137276
    14.419965
    27.255871
    37.717953
    -0.306594
    -0.621658
    -0.623058
    -0.178251
     0.745627
     2.920421
     7.285220
    14.726557
    28.359655
    40.105824
    -0.313862
    -0.410930
    -0.004742
     0.758407
     1.832892
     4.015215
     8.532175
    15.837630
    28.090521
    38.245586
     0.116848
     0.489184
     1.654198
     3.207542
     4.319982
     6.423511
    10.632116
    17.403719
    27.636444
    34.803246
     0.934301
     2.229736
     5.408113
     8.372322
     8.240543
     9.605640
    13.426463
    19.380636
    27.256468
    31.617174
     2.535857
     4.641732
     9.862744
    15.862261
    12.199649
    12.772786
    16.098391
    20.906916
    26.361692
    28.669769
     3.781524
     6.744346
    12.399228
    16.618465
    15.423909
    16.122589
    18.978424
    22.319927
    25.472935
    26.430857
     4.691318
     8.332804
    15.409474
    20.548531
    18.766993
    19.615469
    22.158003
    23.718906
    24.700420
    24.716499
     5.054206
     8.772104
    16.890629
    24.336849
    21.254009
    23.298580
    26.718586
    25.887421
    24.445038
    23.118679
     4.953871
     8.142885
    13.863503
    19.157253
    21.609119
    26.427393
    34.948025
    28.703863
    24.288754
    22.007021
     4.704277
     7.574768
    12.542775
    17.762438
    21.635754
    26.757486
    35.089928
    28.974274
    23.510738
    20.776840
     4.181924
     7.032350
    12.627378
    19.219173
    23.023169
    25.821617
    28.851000
    25.596975
    21.937153
    19.507906
     3.351202
     6.095088
    12.421077
    22.983200
    28.350376
    25.542755
    25.153900
    22.475359
    20.342255
    19.346832
     2.712220
     4.770123
    10.347940
    19.569738
    23.568958
    22.241562
    21.582344
    20.761496
    19.674541
    19.556726
     3.271649
     4.573741
     8.386697
    14.996511
    16.779535
    17.303440
    17.959772
    18.757973
    19.500708
    19.985928
     3.748032
     4.072451
     6.048490
     8.938100
    11.676418
    13.908584
    15.689251
    17.577686
    19.786411
    20.922565
     4.463599
     5.281446
     6.237925
     7.142128
     9.679303
    12.259886
    14.500587
    15.549280
    19.683748
    18.900354
     3.249989
     3.930077
     4.924624
     6.932319
    10.222371
    12.496966
    13.090725
    12.819568
    16.369947
    18.869539
     5.734891
     4.676163
     4.559679
     4.865157
     6.101232
     8.285995
    11.930530
    18.675724
    30.768099
    41.196255
     2.888157
     1.796430
     0.340806
     0.281422
     1.457456
     3.431155
     8.149649
    16.487516
    29.250774
    37.747360
    -0.103233
    -1.140410
    -1.187288
    -0.703659
     0.413317
     2.900460
     7.823795
    15.835776
    26.628811
    32.757862
    -0.793514
    -1.113136
    -0.921383
    -0.265959
     0.902654
     3.623364
     8.799361
    16.725618
    26.169050
    30.592054
    -0.481176
    -0.498396
    -0.183030
     0.621851
     2.380298
     5.504115
    10.783931
    18.669065
    26.773348
    29.434298
     0.236520
     0.392005
     1.450014
     2.633888
     4.683442
     7.959629
    13.713930
    21.616499
    27.910007
    28.342932
     1.219423
     1.915995
     3.582700
     5.493467
     7.404308
    10.789311
    16.792955
    24.594156
    27.960915
    26.498009
     2.285192
     3.967887
     7.603667
    10.741420
    11.405675
    14.321060
    20.654451
    27.680984
    26.946678
    24.473995
     3.462863
     6.330121
    13.219800
    18.473042
    15.696233
    18.233953
    25.343197
    29.485104
    25.111418
    22.443474
     4.418764
     8.037135
    16.208023
    21.944138
    19.184193
    22.500687
    31.177252
    29.060347
    23.338766
    20.749708
     4.894423
     8.603573
    15.920107
    22.010191
    21.528410
    26.711758
    38.055931
    28.653175
    22.121174
    19.451353
     4.986252
     8.634093
    16.382113
    23.952862
    22.600361
    27.115084
    34.905251
    27.070728
    20.995502
    18.363941
     4.814177
     8.308671
    15.279472
    22.090487
    22.358454
    24.532795
    26.439430
    23.363497
    19.120291
    16.993820
     4.393624
     7.640815
    14.589686
    23.766270
    22.487686
    22.496298
    22.179794
    20.001839
    17.121222
    15.370426
     3.624953
     6.450335
    12.397791
    20.446051
    25.055115
    22.532148
    19.621113
    17.277035
    15.041663
    13.868798
     2.541635
     4.686667
    10.014833
    18.567501
    26.655981
    21.724062
    17.517017
    15.061863
    13.639044
    13.656641
     1.811796
     3.191863
     7.131168
    13.531977
    16.799143
    16.905106
    15.713919
    14.581745
    13.701621
    13.883327
     2.654255
     3.115058
     5.513488
     8.862025
    12.394143
    14.034275
    13.937926
    13.699781
    13.587112
    14.625411
     5.315573
     5.437538
     6.177726
     7.216424
    10.541514
    13.948281
    14.107450
    13.863047
    14.386080
    15.002565
     5.208166
     5.601823
     6.873030
     9.088038
    14.708985
    24.253492
    18.887096
    14.761244
    12.604419
    11.042407
     5.485900
     4.406868
     4.246861
     4.573545
     5.706653
     7.661332
    11.333606
    17.545004
    29.345804
    38.608341
     2.143374
     0.964837
     0.732900
     0.058631
     0.883915
     3.199019
     7.768519
    15.486620
    29.678104
    39.540924
    -0.749533
    -1.280456
    -1.559360
    -0.850457
     0.337236
     2.875266
     7.780575
    16.074070
    28.815941
    37.872360
    -0.971985
    -1.215453
    -0.985611
    -0.244180
     1.101292
     4.389915
     9.834709
    18.842262
    31.812273
    36.184555
    -0.490277
    -0.308009
    -0.025307
     1.201153
     2.951197
     6.428367
    12.815193
    23.105463
    38.097275
    34.035927
     0.473029
     0.484633
     0.979854
     2.098466
     4.335954
     8.473005
    15.579126
    27.993057
    40.578926
    30.139851
     1.001137
     1.336485
     2.417343
     4.077901
     6.608892
    11.000674
    18.811840
    34.300335
    35.999413
    26.308422
     1.815298
     2.872935
     5.060716
     7.324430
     9.652789
    13.929249
    22.523340
    36.387192
    29.052841
    22.903727
     2.893073
     5.084474
     9.681925
    12.877307
    13.483216
    17.215443
    26.341122
    33.218075
    24.188210
    20.170549
     3.814719
     6.819219
    14.041676
    18.295139
    16.718327
    20.358187
    28.425913
    27.193199
    20.973213
    18.104673
     4.334434
     7.340423
    12.475644
    16.515850
    18.484772
    23.024502
    29.237970
    24.141514
    18.988031
    16.583586
     4.605574
     7.928058
    14.402521
    20.336342
    20.526564
    24.918125
    30.164705
    22.429907
    17.525312
    15.353667
     4.599777
     8.227858
    16.653076
    25.527201
    21.811741
    24.181713
    26.341953
    20.013351
    15.985483
    14.184698
     4.164279
     7.345885
    13.498184
    19.342106
    20.599525
    21.870174
    21.241732
    17.471279
    14.112169
    12.768944
     3.413442
     5.974043
    10.902362
    16.652491
    20.507103
    20.949663
    18.763918
    15.304790
    12.457348
    11.201715
     2.529711
     4.559681
     9.259238
    17.096479
    24.975492
    22.744305
    17.325031
    13.404411
    10.684776
     9.875669
     1.511670
     2.650173
     6.277830
    12.431782
    21.529718
    21.605783
    15.800944
    11.765962
     9.689193
     9.799415
     1.481662
     1.716136
     3.933346
     8.003452
    13.749285
    17.982681
    15.252519
    11.779648
     9.999225
    10.372585
     4.710789
     4.943217
     6.852235
     7.130414
    11.899799
    20.507288
    15.760961
    11.697668
    10.596234
    11.292369
     7.318547
     7.499043
     8.685728
    11.387012
    17.284901
    27.850193
    22.022446
    15.939543
    12.042923
     8.301044
     5.588709
     4.271300
     3.923436
     4.218081
     5.140748
     6.864575
     9.473883
    14.012528
    20.029831
    23.678204
     2.312660
     0.502956
    -0.147498
     0.267355
     0.519342
     2.506496
     6.169134
    11.979543
    19.566467
    24.344339
    -0.397385
    -1.544010
    -1.441027
    -0.740161
     0.077510
     2.309486
     6.631910
    13.674914
    23.545568
    29.205320
    -0.846374
    -0.952267
    -0.770281
    -0.208007
     1.639012
     4.525506
     9.921815
    18.836781
    33.303398
    36.045273
    -0.240486
    -0.035930
     0.192595
     0.902849
     2.631053
     6.261775
    12.677821
    22.999418
    36.480812
    33.409016
     0.471441
     0.400413
     0.748690
     1.764728
     3.967698
     8.074707
    14.788841
    24.159708
    31.024849
    27.852636
     0.817297
     0.927698
     1.681679
     3.109501
     5.591344
     9.757151
    16.024469
    23.256330
    25.935415
    23.360956
     1.474753
     2.079842
     3.553444
     5.395787
     7.772353
    11.519653
    16.813814
    21.549511
    21.866714
    19.916714
     2.358918
     3.843309
     6.977122
     9.330144
    10.544215
    13.355453
    17.302824
    19.674809
    18.824322
    17.340761
     3.139090
     5.347558
    10.967546
    14.112818
    13.003463
    15.015374
    17.596601
    18.142910
    16.696888
    15.455893
     3.610236
     5.812170
     9.554874
    12.599449
    14.364124
    16.573566
    18.188581
    17.316662
    15.313771
    14.080154
     3.943943
     6.483124
    10.851476
    14.657291
    16.459904
    18.762959
    19.884502
    17.162004
    14.370354
    12.997759
     4.079157
     7.234629
    14.258487
    21.672821
    19.191753
    21.795788
    23.262562
    17.034336
    13.483477
    12.003210
     3.725278
     6.690936
    12.742754
    18.646400
    19.299818
    23.890812
    24.163668
    16.198090
    12.432872
    10.994312
     2.952881
     5.245044
     9.847949
    15.269471
    18.466061
    23.754559
    22.077480
    14.870706
    11.014602
     9.735866
     2.072806
     3.776752
     7.868728
    14.127881
    19.148689
    24.569727
    20.283638
    13.404638
     9.650281
     8.264849
     1.395608
     2.456339
     5.372607
    10.961669
    21.411085
    27.655790
    18.554277
    11.287265
     7.901936
     6.879897
     0.857022
     0.959692
     3.016448
     7.388047
    15.792277
    24.114141
    15.635820
     9.422804
     7.009701
     7.094114
     3.509254
     3.213235
     4.914148
     5.212102
     9.673114
    13.886886
    12.071120
     9.226885
     8.048286
     8.536657
     7.399923
     7.430921
     8.750551
    10.795427
    13.326419
    16.515978
    15.772863
    13.391615
    11.739395
    10.149086
     6.459033
     4.812437
     3.526520
     3.370801
     3.950246
     5.055148
     7.014438
     9.770514
    13.272673
    16.030455
     2.579102
     1.729969
     0.618397
    -0.389073
     0.380461
     1.580371
     3.941488
     7.666036
    11.720606
    14.729965
    -0.348731
    -1.357826
    -1.613156
    -0.831528
     0.142446
     1.915493
     4.824708
     9.408130
    14.248522
    16.815630
    -0.655217
    -0.960837
    -0.308205
     0.182669
     1.276012
     3.667466
     8.033232
    14.626420
    21.800005
    22.560730
     0.234514
     0.065617
     0.182990
     0.757169
     2.279791
     5.519541
    11.350790
    21.340237
    35.516281
    27.404715
     0.489942
     0.345245
     0.642448
     1.491884
     3.468514
     7.315145
    13.865222
    24.299620
    33.195320
    25.139908
     0.904843
     0.951641
     1.534575
     2.689938
     4.899920
     8.779476
    14.580752
    21.049629
    23.381136
    20.912500
     1.525184
     1.997130
     3.117031
     4.540258
     6.619128
     9.972304
    14.351775
    17.970928
    18.752384
    17.630312
     2.227298
     3.372815
     5.722644
     7.483207
     8.682216
    11.142014
    14.224325
    16.189629
    16.134258
    15.330230
     2.782081
     4.478020
     8.923180
    11.214664
    10.543278
    12.280738
    14.403741
    15.255302
    14.545219
    13.716556
     3.103224
     4.770160
     7.692681
    10.112589
    11.639047
    13.424298
    14.894094
    14.842723
    13.521869
    12.528764
     3.379328
     5.337844
     8.659403
    11.684043
    13.454924
    14.979054
    15.794142
    14.786817
    12.798492
    11.569860
     3.559475
     6.234188
    11.924068
    17.819838
    16.453068
    16.984884
    17.069031
    14.867174
    12.148335
    10.681554
     3.280603
     6.069879
    12.367432
    19.390520
    17.602175
    18.652210
    18.341410
    14.741641
    11.371669
     9.746768
     2.495810
     4.590194
     9.120558
    14.476806
    16.309370
    19.349974
    18.839228
    14.173933
    10.353788
     8.715091
     1.594387
     2.911973
     6.103797
    10.616056
    15.215937
    20.302483
    19.300304
    13.197798
     8.881162
     7.436668
     0.858339
     1.557433
     3.818190
     8.014098
    14.944445
    24.596540
    19.326366
    11.230974
     6.854595
     5.624038
     1.207081
     0.883953
     2.426597
     5.596043
    11.957159
    20.361904
    13.241078
     7.641935
     4.930329
     4.584537
     3.202711
     2.354245
     3.126652
     4.629177
     6.191678
     8.315028
     7.386506
     5.778863
     5.390347
     5.971881
     7.594548
     6.199215
     6.748292
     8.848297
     9.416345
    10.919631
    11.025631
    10.582271
     9.893408
     9.786857
     8.957108
     7.536131
     4.378081
     2.935354
     2.975514
     3.451888
     4.707534
     6.830778
     8.836142
    10.995587
     6.180100
     3.775764
     1.590090
     0.526369
     0.152548
     0.899046
     2.456973
     4.733265
     7.197874
     9.696092
     2.941318
     0.434418
    -1.010344
    -0.910492
     0.113943
     1.287292
     3.368162
     6.248623
     9.007439
    11.314570
    -0.107104
    -0.619660
    -0.504608
     0.124994
     0.945605
     2.661323
     5.635776
     9.560765
    12.926242
    14.183238
     0.145079
     0.105842
     0.179105
     0.605865
     1.773441
     4.347675
     8.915118
    15.477320
    19.971058
    18.085556
     0.825324
     0.694957
     0.905166
     1.506128
     3.107743
     6.580454
    13.135094
    26.253624
    30.985868
    20.433180
     1.512008
     1.829294
     2.363091
     2.984354
     4.738176
     8.660836
    16.059151
    29.238216
    27.006081
    19.167919
     2.307051
     3.471098
     4.589847
     4.981278
     6.507137
    10.201072
    16.383118
    21.877644
    20.146933
    16.646008
     2.810923
     4.431357
     6.510737
     7.272836
     8.305441
    11.441304
    16.426878
    19.376909
    17.128590
    14.637598
     2.996039
     4.716502
     8.258883
     9.706060
     9.836367
    12.595861
    16.918758
    18.524487
    15.543844
    13.190351
     3.045494
     4.600295
     7.136285
     9.186045
    10.881373
    13.738063
    17.633636
    18.072641
    14.438604
    12.052127
     3.162503
     4.945395
     7.879137
    10.551677
    12.486353
    15.105665
    18.486267
    17.715155
    13.502419
    11.053677
     3.261848
     5.723504
    10.644669
    15.354910
    15.171517
    16.643505
    19.345175
    17.298609
    12.576044
    10.079998
     2.954940
     5.649734
    12.166039
    20.326385
    16.563322
    17.580242
    19.959812
    16.661091
    11.515788
     9.036853
     2.121143
     4.010294
     8.086179
    12.513029
    14.254136
    17.825268
    20.743416
    15.693236
    10.155596
     7.854940
     1.191078
     2.147872
     4.475869
     7.722435
    11.818755
    19.422771
    24.342182
    13.732118
     8.313422
     6.554573
     0.526592
     0.859247
     2.273268
     4.956804
     9.373487
    16.454731
    16.511703
     9.518444
     6.039063
     5.245131
     0.837107
     0.178031
     1.016989
     2.934458
     6.112462
     9.326311
     8.570849
     5.086858
     3.508569
     3.440787
     2.404092
     1.721345
     1.972305
     3.265604
     4.327202
     4.476292
     3.940040
     3.444566
     3.114180
     4.201715
     6.477130
     6.039524
     5.283472
     6.343984
     7.431674
     7.477685
     6.947000
     7.282933
     8.054518
     5.902428
     9.141696
    10.207836
     4.640881
     3.221066
     2.881832
     2.792225
     3.222954
     4.560417
     5.942043
     7.099355
     7.855514
     7.244174
     1.498592
     0.392889
     0.207626
     0.434264
     1.249833
     2.602132
     4.389194
     6.587333
     3.211233
     2.988573
     1.063273
    -0.086898
     0.098898
     0.482727
     1.755038
     3.369530
     5.252501
     7.386374
     2.157074
     0.974916
    -0.090048
    -0.028024
     0.468501
     1.505921
     3.608050
     5.768828
     7.739297
     9.412737
     0.938113
     0.566762
     0.534705
     0.725715
     1.464325
     3.165951
     5.993202
     9.248923
    11.206608
    11.726369
     1.859637
     1.954789
     1.899161
     1.871487
     2.795565
     5.356083
    10.032541
    15.749944
    16.533836
    14.188886
     2.967187
     4.336312
     4.865442
     3.890172
     4.667911
     8.039286
    15.604311
    29.028650
    21.820452
    15.458755
     3.814479
     8.669306
    11.127595
     6.405186
     6.658622
    10.396838
    19.992500
    33.676453
    21.211613
    14.967902
     3.912268
     7.914176
    12.383946
     8.516539
     8.481483
    12.160119
    22.139662
    31.405134
    18.942211
    13.799953
     3.659350
     6.433030
    10.233780
     9.771910
     9.990547
    13.603983
    24.061497
    29.953363
    17.204861
    12.626829
     3.409921
     5.533175
     8.533961
    10.059343
    11.212595
    14.902566
    25.870760
    28.152649
    15.672739
    11.516458
     3.315269
     5.513918
     8.988863
    11.422010
    12.692751
    16.174841
    27.450806
    25.822741
    14.217651
    10.429515
     3.224465
     5.925583
    11.025468
    14.915503
    14.713645
    17.328451
    28.831379
    23.040363
    12.753004
     9.315905
     2.772705
     5.584197
    12.722044
    20.455919
    15.525512
    17.681719
    29.115925
    20.394894
    11.159939
     8.127362
     1.847022
     3.622708
     7.402980
    10.807967
    12.139707
    16.579058
    27.959101
    17.282249
     9.236296
     6.811432
     0.899722
     1.587433
     3.312817
     5.522789
     8.232875
    13.081394
    19.309908
    11.808764
     6.808933
     5.425576
     0.276001
     0.358072
     1.177191
     2.650415
     4.864856
     7.532865
     8.470058
     6.362982
     4.451568
     4.142139
     0.745693
     0.451870
     0.111854
     1.005608
     2.353369
     3.665143
     3.991741
     3.407853
     2.739115
     2.588820
     2.213259
     1.142050
     0.831106
     1.158818
     1.914658
     2.114099
     2.360879
     1.757192
     1.706304
     2.680317
     7.210091
     5.869868
     4.897995
     4.480216
     5.211566
     5.798054
     5.439230
     6.644549
     7.308802
     6.072438
     5.469291
     3.693663
     3.282030
     2.103833
     1.492338
     1.820974
     1.878285
     2.351559
     3.003610
     4.635262
     4.153504
     3.477261
     1.830259
     0.741864
     0.420084
     0.242564
     0.664899
     1.335124
     2.535030
     4.614590
     7.212167
     4.067851
     0.475654
    -0.069654
    -0.033563
     0.116982
     0.895210
     1.732454
     3.026942
     4.843102
     2.274765
     3.718658
     1.494706
     0.377327
     0.433706
     0.867223
     1.723808
     2.910807
     4.295166
     6.052346
     4.271832
     3.249634
     1.820797
     0.948094
     0.969729
     2.503841
     4.004661
     5.640175
     6.942625
     8.173510
     6.169773
     9.335344
     4.201509
     2.625217
     2.650320
     4.029356
     6.396934
     8.661921
     9.514048
     9.762674
     5.303560
    10.069490
     8.014998
     4.577330
     4.290051
     6.204749
     9.823462
    12.994264
    12.434949
    11.125262
     4.719080
     8.414001
     9.295047
     6.316806
     6.069885
     8.400081
    13.104683
    16.814785
    14.146192
    11.665035
     4.143511
     7.127720
     9.953869
     8.172493
     7.835778
    10.155634
    14.860998
    17.591383
    14.066386
    11.385065
     3.899689
     7.375099
    14.195940
    11.015860
     9.686121
    11.560637
    15.650847
    17.059198
    13.220534
    10.677362
     3.702461
     6.931225
    14.240726
    13.467186
    11.477373
    12.676124
    15.921568
    16.078760
    12.113926
     9.776213
     3.498042
     6.612148
    13.629402
    15.976262
    12.816978
    13.266302
    15.692762
    14.814347
    10.867296
     8.769742
     3.191788
     6.400280
    13.912523
    19.626308
    13.837794
    13.216259
    14.940536
    13.299417
     9.499350
     7.693292
     2.559812
     5.480734
    13.336107
    20.599567
    13.248033
    12.230446
    13.556812
    11.479219
     7.989372
     6.554523
     1.579735
     3.274044
     7.232969
    10.338936
     9.243599
     9.816802
    11.160048
     9.101417
     6.261590
     5.369448
     0.660710
     1.177525
     2.528726
     3.909074
     4.953216
     6.316763
     7.245982
     5.980568
     4.393174
     4.266966
     0.686377
     0.025917
     0.483483
     1.201118
     2.112278
     3.093257
     3.577343
     3.218995
     2.861895
     3.504934
     0.491801
     0.171945
     0.294802
     0.011138
     0.574236
     1.178500
     1.599849
     1.808736
     2.144549
     2.956982
     2.413182
     0.986097
     0.854767
     0.460604
     0.778220
     0.866790
     1.058019
     1.225544
     1.256050
     2.717808
     8.233969
     6.418760
     5.682786
     5.110931
     4.868028
     4.445609
     4.603434
     5.842942
     6.358382
     4.579914
     5.450277
     3.407273
     2.349123
     1.688624
     1.830090
     1.867314
     1.841294
     1.943686
     2.696665
     3.700323
     3.076846
     1.667584
     0.749863
     0.275455
     0.039927
    -0.093432
     0.411199
     0.754413
     1.102640
     2.737257
     1.302398
     5.305634
     2.122918
     0.416242
    -0.238498
    -0.311434
    -0.001582
     0.431002
     1.320946
     3.015934
     6.065553
     5.088809
     1.815969
     0.505896
     0.379998
     0.405129
     0.764345
     1.391997
     2.389686
     4.055140
     5.589445
     7.501954
     3.639235
     1.237890
     1.025837
     1.318388
     2.066664
     2.968405
     3.976874
     5.415435
     8.940372
    11.845807
     6.039299
     2.722512
     3.076523
     3.843738
     5.096484
     6.209292
     6.935390
     7.792370
     6.397952
    11.303000
     8.613550
     4.655657
     4.157356
     5.237300
     6.885240
     8.082704
     8.392301
     8.679555
     4.533132
     6.652025
     6.695519
     5.315731
     5.398801
     6.775685
     8.603195
     9.643112
     9.419197
     9.176580
     3.484888
     4.957895
     6.500521
     6.573346
     6.928770
     8.236848
     9.777475
    10.351964
     9.683255
     9.159487
     3.310567
     5.640387
     9.281920
     9.330811
     9.011520
     9.605921
    10.349384
    10.289511
     9.313868
     8.717389
     3.326518
     6.278612
    11.581741
    12.531395
    11.797942
    10.796481
    10.338502
     9.683344
     8.538969
     8.001712
     3.176840
     6.295323
    12.427773
    14.541045
    12.536211
    10.648732
     9.570844
     8.656685
     7.509840
     7.125604
     2.759097
     5.691641
    12.124682
    15.444748
    11.076590
     9.041602
     8.226316
     7.346753
     6.336446
     6.171441
     2.065051
     4.460130
    10.169525
    14.209365
     9.571205
     7.357280
     6.630741
     5.874875
     5.099493
     5.213738
     1.185330
     2.557971
     6.396260
     9.646501
     6.371288
     5.123200
     4.779195
     4.300675
     3.881480
     4.342128
     0.426355
     0.716542
     1.772032
     2.617701
     2.702004
     2.768744
     2.887181
     2.805909
     2.851832
     3.704687
     0.502550
     0.299736
     0.018235
     0.385681
     0.737765
     1.117839
     1.476465
     1.762731
     2.236411
     3.428251
     0.766646
    -0.137315
    -0.068212
     0.142139
     0.388589
     0.707137
     0.890536
     1.470409
     2.275029
     2.671265
     4.703543
     2.025918
     1.646734
     1.016308
     0.894061
     0.639122
     0.622948
     0.601697
     1.436654
     2.738055
     9.042809
     7.206980
     6.005786
     5.416767
     5.302072
     4.689572
     5.053004
     6.170295
     6.851821
     5.789708
     3.564566
     3.518430
     3.056623
     3.890489
     1.357339
     0.521589
     1.155400
     1.671676
     0.848602
     0.706155
     3.490889
     1.843202
     1.179001
     0.570025
     0.426076
     0.596234
     0.442747
     1.139140
     1.662325
     2.098464
     2.827703
     1.360391
    -0.477731
    -0.136188
     0.161349
     0.466906
     0.752357
     1.074295
     1.956648
     2.977069
     3.638266
     3.563321
     2.854267
     0.463043
     0.677210
     0.660403
     0.947555
     2.382729
     3.128334
     3.913808
     6.148766
    12.790927
     5.601435
     2.080033
     1.163727
     1.807847
     2.463002
     3.084714
     3.719613
     4.929756
    10.557645
    11.460653
     5.540838
     2.798045
     2.406851
     3.224815
     5.407003
     6.097380
     5.400000
     6.126151
     6.534576
     9.722253
     5.869064
     3.548079
     5.215863
     6.912480
     8.688936
     9.319056
     8.919130
     8.785716
     3.416596
     4.637416
     4.738077
     4.830952
     6.018259
     8.152037
     9.997093
    10.313730
     9.501040
     9.045418
     2.735044
     3.419319
     4.575843
     5.601376
     7.283877
     9.536349
    10.722854
    10.391582
     9.368372
     8.843270
     2.466254
     3.930801
     7.151950
     7.875694
     9.476613
    11.277813
    10.779371
     9.793103
     8.752390
     8.344854
     2.508981
     4.722508
     9.970678
    10.733908
    12.277180
    12.723420
     9.882161
     8.680899
     7.810212
     7.622766
     2.403271
     4.954118
    11.623490
    13.078836
    10.926086
     9.631556
     8.060335
     7.245353
     6.682217
     6.769772
     1.995822
     4.080913
     8.470860
    10.285892
     8.191477
     6.795739
     6.133866
     5.749579
     5.518548
     5.915299
     1.361416
     2.825279
     7.019216
    10.212471
     6.271426
     4.801702
     4.405801
     4.314526
     4.407152
     5.129414
     0.722863
     1.440875
     3.919749
     5.976851
     3.818157
     2.996011
     2.945264
     3.136942
     3.531917
     4.545345
     0.558106
     0.193758
     0.811676
     1.345017
     1.402344
     1.531567
     1.898067
     2.379283
     3.042896
     4.296367
     0.393515
    -0.050167
     0.119173
    -0.082186
     0.283715
     0.778151
     1.452247
     2.210797
     3.106222
     4.504173
     3.115209
     2.076070
    -0.127480
    -0.014837
     0.340094
     1.007591
     0.769727
     1.111477
     0.752071
     2.051653
     6.155393
     5.196650
     3.414683
     3.074090
     2.654125
     1.768155
     1.199004
     1.561179
     2.051296
     3.388174
    10.620163
     8.963160
     8.545812
     6.447559
     6.135058
     7.390357
     8.184984
     7.068202
     6.729123
     3.693786
     1.300016
     3.790635
     2.517967
     0.797113
     0.593468
    -0.437324
    -0.557258
    -0.498277
     0.090780
     0.550347
     6.743686
     6.013674
     1.180927
     0.316414
    -0.348030
    -0.545029
    -1.853688
    -0.811349
    -0.114390
     2.928573
     4.244839
     3.450999
     2.230985
     1.039589
     1.013835
     1.183756
     1.805963
     2.086011
     2.099323
     2.124045
     3.753662
     1.166622
     0.023831
    -0.284618
     0.798627
     1.523643
     2.945642
     3.401751
     3.680266
     4.251105
     1.708412
     0.929244
     1.745751
     0.541609
     2.139141
     3.355275
     5.302296
     5.810644
     5.033645
     5.218110
     3.539544
     7.598195
     4.285407
     2.865337
     3.109520
     5.682494
     8.028605
     8.542490
     7.463438
     7.075634
     5.780039
    10.199573
     4.248040
     3.576128
     4.964036
     8.505676
    12.767229
    13.005651
    10.083696
     8.514262
     3.248778
     3.342641
     3.053704
     3.759297
     8.085336
    13.248378
    18.916670
    18.119358
    13.604783
    10.970482
     1.546739
     1.439507
     3.464259
     5.281403
     8.953540
    16.055344
    18.979404
    16.337212
    12.713324
    10.469254
     1.830501
     2.417914
     3.978434
     6.156678
    10.500275
    17.419563
    15.817203
    13.964706
    11.430497
     9.762299
     1.724640
     2.933403
     5.666280
     7.690319
    10.347274
    13.211578
    12.391777
    11.685943
    10.094279
     8.984490
     1.578692
     3.254416
     8.827372
    10.109066
     8.559264
     8.961789
     9.551634
     9.611161
     8.756185
     8.182928
     1.198411
     2.279425
     4.856638
     6.631377
     6.447976
     6.372821
     7.178148
     7.656636
     7.418466
     7.398299
     0.747943
     1.203522
     2.597246
     3.690657
     3.862373
     4.340774
     5.240522
     5.965195
     6.228497
     6.711231
     0.364623
     0.386217
     1.116846
     1.823647
     2.202102
     2.887722
     3.909412
     4.842076
     5.476707
     6.343534
     0.454413
     0.065115
    -0.025413
     0.432776
     1.055153
     2.037888
     3.295408
     4.465846
     5.362927
     6.451034
     3.717209
     0.274797
     0.285911
     0.335155
     1.102168
     2.274019
     3.825525
     3.950623
     3.731694
     3.450211
     7.617473
     5.972156
     6.243783
     6.234543
     4.003499
     2.993822
     1.944023
     1.291270
     1.333745
     2.309262
     8.832302
     7.893808
     7.579554
     7.326106
     6.378910
     5.091500
     4.175429
     3.744390
     5.567330
     7.912641
     7.206967
     7.235377
     9.469174
     9.099138
     9.028790
     8.864302
     8.731557
     4.368304
     2.071906
     0.666685
     2.871421
     3.062782
     0.111454
     0.059707
     0.118376
    -0.168842
     0.319517
    -0.198364
    -0.073976
     0.068903
     6.128870
     7.118393
     3.240942
     1.188796
     1.110620
     1.177852
     0.448630
    -0.197856
    -0.205754
     0.088301
     8.163694
     9.460099
     5.609479
     0.540847
    -2.000673
    -2.713607
    -2.993346
    -1.852022
    -1.113490
     2.353294
     5.812984
     3.900978
     3.554421
     2.355019
     3.141407
     3.891453
     6.168032
     4.966854
     3.417419
     2.170265
     6.521479
     3.817349
     0.910129
     0.884588
     3.222399
     6.962274
    10.594474
    10.686873
     8.729830
     6.866345
     6.020513
     1.754716
    -0.354804
     0.975703
     3.499303
     9.951574
    17.924776
    16.514782
    11.280867
     7.947657
    -0.338590
     3.560677
     2.548553
     3.245824
     5.708289
    12.011736
    26.205641
    25.724064
    13.582376
     9.149261
     2.182166
     2.711479
     2.082688
     2.854274
     7.195533
    14.914865
    32.420120
    31.463907
    16.188343
    11.279003
     1.052370
     0.543988
     1.967236
     3.785995
     7.854918
    16.964020
    28.113043
    29.615898
    17.584976
    12.729937
     0.962632
     0.868140
     1.765953
     5.145855
     8.936277
    14.991925
    22.612507
    24.989126
    16.470173
    12.124344
     0.694486
     1.987174
     4.071465
     5.767465
     8.104446
    12.431963
    18.441902
    21.043049
    15.502368
    11.699841
     1.136385
     1.855051
     5.183055
     6.102759
     6.851858
    10.146225
    15.356296
    18.130291
    14.433701
    11.236968
     0.805346
     1.020867
     2.256965
     3.543771
     5.086223
     7.980306
    12.211105
    14.721962
    12.805119
    10.670370
     0.512331
     0.334375
     0.874891
     1.424565
     3.118814
     6.088062
     9.497138
    11.729507
    11.191711
    10.137380
     0.559150
     0.045639
     0.210223
     1.130485
     2.602267
     4.933837
     7.971193
    10.203305
    10.378974
     9.989667
     4.861270
     0.754179
     0.196297
     0.874577
     2.375127
     4.464116
     7.996157
     9.474646
     8.703584
     6.308455
    10.249573
    11.027303
    12.874289
    12.108013
    11.404603
     8.605824
     5.981425
     4.053491
     3.482417
     3.236047
    10.783841
    11.231993
    12.250708
    13.317593
    12.208399
     9.970014
     7.102941
     5.092914
     3.698125
     4.188798
    10.779840
    12.564890
    12.838467
    13.021807
    12.688799
    11.492831
    12.733534
    10.760482
    10.305171
     5.089501
     1.181083
     3.977383
     3.244848
     6.441158
     5.302612
     3.219090
     1.439587
    -0.609178
    -4.231908
    -4.521765
     8.304106
     3.231434
     1.482316
    -1.748998
    -2.355408
    -2.614995
    -2.779444
    -2.779284
    -2.017320
    -0.332462
     1.842405
     6.228253
     2.093539
     0.754480
     0.592185
     0.158951
    -0.269950
     0.045584
     0.585313
    -0.013413
     9.547369
    10.976973
     4.160607
     1.312931
     1.289294
     0.576536
     0.807980
     0.442780
    -0.555279
    -0.082056
    10.404369
     7.837438
     8.496428
     3.623649
    -0.091972
    -2.611449
    -1.998328
    -1.912578
     1.420756
     1.460119
    17.595625
    11.836437
     3.722430
     3.248477
     5.265728
     9.952276
    20.578028
    16.577587
     1.272507
    -0.069398
     9.300035
     6.131639
     3.165007
     2.200698
     4.715377
    11.226991
    27.913355
    20.784687
    12.571623
     8.179567
     5.097283
     1.915166
     0.547916
     1.445750
     5.326641
    11.549838
    21.987328
    21.519564
    13.510742
     9.465168
     0.940781
    -0.485855
     1.156510
     2.157132
     5.414096
    11.354733
    19.871645
    21.180929
    13.834240
    10.175718
     1.462856
     0.731886
     0.803441
     2.685616
     5.883529
    11.418083
    21.977980
    25.094267
    16.459610
    11.899484
     1.135108
     0.663961
     1.188098
     2.927533
     6.768493
    12.699115
    23.320509
    29.474573
    18.167542
    13.190446
     0.841497
     1.225195
     3.164641
     4.052314
     7.321313
    12.785360
    24.551189
    34.276154
    19.878344
    13.649465
     1.163647
     0.969021
     3.025493
     4.219811
     6.515601
    12.106030
    25.395634
    39.949177
    21.754816
    14.480701
     1.105149
     0.871759
     1.457946
     2.790985
     5.454400
    10.815882
    21.948021
    35.754265
    21.329849
    14.665819
     1.213216
     0.463144
     0.739599
     2.155391
     4.718812
     9.418818
    17.631329
    25.552076
    19.741432
    13.278758
     7.796916
     2.582215
     1.397576
     2.684493
     3.973361
     9.228891
    16.400166
    22.079720
    17.998245
     9.556442
    14.326111
    18.204365
    26.738995
    30.853466
    22.438389
    16.164942
    11.332984
     8.446515
     6.899224
     4.347829
    14.133376
    16.934578
    22.505568
    28.255140
    27.412491
    19.458477
    12.432028
     7.548681
     5.678197
     5.515467
    14.528822
    18.101463
    18.849581
    21.688538
    21.232437
    16.951691
    15.230989
    17.025860
    10.307076
     7.042016
     0.784816
    -0.919265
     1.519659
     2.945190
     3.210220
     2.309374
     6.213702
     6.971007
    -0.070600
    -4.140191
    -3.649213
    -4.103698
    -4.754689
    -5.637430
    -5.498353
    -5.513920
    -4.532825
     0.832865
    -6.357337
    -4.492534
    12.331206
     9.063368
     6.837051
     4.228880
     2.581951
     1.747092
     1.299477
     1.204459
     1.556193
     2.390894
    11.561625
     7.045871
     2.097667
    -0.787357
    -2.667781
    -3.157959
    -3.527801
    -3.791715
    -3.230103
    -0.189774
    10.064780
     8.688052
     2.323404
     0.429513
    -0.205052
     0.532985
     1.297670
     1.962324
    -0.427210
    -3.650006
    14.723643
    14.855947
     7.222647
     2.203284
     0.418794
    -0.679460
    -1.322548
    -1.183051
     0.515074
     0.869447
    12.188944
     8.135549
     5.155309
     4.416377
     5.724184
     5.190732
     2.704365
     0.953979
     1.475223
     1.062035
    11.879081
    10.388621
     4.160352
     1.728764
     0.130966
     0.042863
    -0.198289
    -0.188533
    -1.815345
     2.170831
     8.143220
     5.789800
     3.502236
     3.050602
     4.720426
     5.185216
     9.224859
     9.004243
     7.056485
     3.775595
     6.214524
     4.173140
     3.325478
     2.639265
     4.097487
     7.209026
    10.224638
    11.161828
    10.099077
     8.043318
     5.715535
     3.049651
     1.275414
     2.132673
     4.018996
     7.669367
    11.742852
    13.032121
    10.609818
     9.171469
     3.185064
     2.361674
     2.755772
     3.381814
     5.550259
     8.567845
    12.448642
    14.134780
    12.447268
     9.830432
     3.765848
     3.949086
     6.281528
     5.606002
     6.197232
    10.075230
    15.389297
    17.778490
    15.028496
    12.571490
     3.868149
     3.031923
     4.032630
     4.217175
     6.579816
    11.057083
    17.870548
    23.682287
    18.390179
    14.213484
     4.552473
     3.035790
     2.656261
     3.927805
     6.692719
    11.742642
    20.150000
    29.000450
    19.080469
    14.086678
    12.556194
     9.964926
     9.983470
    10.837231
    10.066672
    14.140733
    22.745907
    33.704132
    16.236502
     4.968803
    15.769971
    20.534626
    30.528238
    47.201641
    42.878456
    22.559080
    15.359205
    10.197339
     6.399020
     4.938990
    19.911976
    21.036930
    31.590658
    58.468903
    58.637615
    26.722235
    15.719872
     9.335897
    11.363024
    11.184168
     2.676490
    11.087917
    17.058790
    30.901375
    46.033371
    28.909821
    16.332468
    15.223069
    11.152754
     4.387685
    -2.871798
    -0.903937
     1.270157
     0.832653
     5.688673
     2.110495
     3.568691
     2.860447
    -0.091276
    -4.541790
    -3.373552
    -4.616081
    -4.710275
    -5.663957
    -5.681739
    -5.638821
    -5.175646
    -5.188346
    -6.227490
    -4.794130
    -0.183701
    -0.441916
    -0.802925
    -0.558552
    -0.880758
    -1.788818
    -2.957712
    -4.001066
    -3.148864
    -1.912982
    17.448116
    13.849928
    11.046171
     8.656047
     6.709819
     5.507829
     4.746049
     4.554866
     4.539166
     5.505347
    19.981821
    16.270582
     9.378936
     5.717837
     3.892530
     2.517822
     1.762246
     1.677479
     1.970800
     2.923330
    11.158587
     9.699636
     4.035723
     0.858813
    -0.115293
    -1.272547
    -0.959787
    -0.737063
    -0.122578
     0.268832
     8.280138
     9.748682
     2.228702
    -1.348925
    -2.884437
    -2.141571
    -0.093486
    -2.080072
    -3.898959
    -3.388839
     5.304116
     3.590493
     4.404716
     3.368352
     1.684537
     2.513095
     3.114851
     1.609128
     0.108272
    -1.825289
     5.360151
     5.884750
     4.139575
     1.868193
     0.868640
     0.315996
     0.061636
     0.478317
     1.035234
     2.095751
     5.592057
     3.986029
     5.218078
     4.845914
     5.922011
     5.434703
     7.828890
     7.579737
     1.706754
     1.967762
     6.974959
     7.746448
     9.573997
     7.528049
     4.509384
     3.391560
     2.570532
     2.280679
     5.806359
     5.827596
    13.019425
    11.428463
     6.871990
     4.723292
     3.384769
     3.547535
     3.331837
     3.196321
     3.593014
     3.280569
    13.669140
    10.047586
     9.050116
     7.558232
     6.539881
     7.424239
     4.506716
     4.223840
     3.983500
     3.311493
    13.007674
    10.552620
    12.304458
     7.987981
     7.479267
     8.013761
     8.758083
     5.683587
     2.651130
     3.794008
    11.801892
    11.531127
    10.043777
     9.715037
     8.591700
     7.638144
     6.079630
     3.663215
     3.574816
     5.852223
    16.204445
    14.226664
    13.865603
    13.791545
    12.552665
    10.079477
     6.939469
     5.076492
     4.456519
     5.217067
    13.263712
    18.648281
    21.277433
    20.904915
    17.511246
    14.602069
    10.534163
     8.539547
     9.226187
     6.024379
    -0.866179
     1.324253
    20.182026
    33.049072
    31.956219
    19.995590
    13.474544
     9.952130
     7.564641
     4.914092
    -4.630481
    -4.730428
    -1.994789
     0.633472
     2.167613
     5.060824
     4.022624
     3.407839
     2.516869
    -0.915530
    -3.495020
    -4.984251
    -5.748613
    -5.875939
    -4.161977
    -2.241669
    -4.129159
    -6.582972
    -5.522957
    -5.529441
    -0.990223
    -0.536406
    -1.105411
    -0.437147
    -0.786743
    -4.018437
    -4.418462
    -5.381551
    -4.932745
    -4.399024
     1.110884
    -0.964328
    -1.796128
     0.394806
     1.182672
    -0.558740
    -2.379761
    -3.495715
    -2.910655
    -1.651227
     1.148502
     0.683587
     0.094978
     1.337044
     4.373591
     0.626963
    -1.034959
    -0.324704
    -1.338725
    -1.335496
 