   10.346687
    -8.451185
    67.955803
    13.472390
    11.230180
    10.147781
     9.824976
     9.657034
    10.285189
    10.495565
    10.340601
    12.780822
    14.246715
    10.866422
     7.716078
     6.902867
     6.417091
     5.788518
     6.161136
     8.341697
     8.852615
     9.979701
    11.952269
     9.883318
     6.737376
     6.371795
     5.813498
     6.181006
     7.445721
     7.750640
     8.283325
     8.166903
    10.902436
     9.579739
     8.862535
     8.565634
     7.380041
     7.273439
     8.311896
     7.315721
     8.402651
     9.011339
    11.019352
     8.486147
     6.395970
     5.326118
     5.364739
     5.054121
     4.198857
     4.763877
     5.426176
     8.228254
     9.932353
     6.554127
     3.919035
     2.002833
     1.607639
     1.880177
     2.069177
     2.531276
     3.984743
     6.346478
     8.243010
     3.004145
     1.805779
     1.465734
     1.570134
     1.371310
     1.531939
     1.718338
     2.837269
     5.160710
     7.661445
     2.422614
     2.446139
     3.065215
     3.633396
     3.421905
     2.895208
     2.456071
     3.164460
     5.054726
     7.604771
     3.394935
     3.797947
     5.477743
     7.219355
     6.567802
     4.829217
     4.217056
     4.140768
     5.922778
     8.054918
     3.626846
     4.416989
     7.024261
    10.292780
     9.123934
     6.559609
     5.311565
     5.404102
     7.111105
     8.506502
     3.766876
     4.526528
     6.773822
     9.853026
     9.745859
     7.661060
     6.283746
     6.759093
     8.414700
     9.499458
     3.870643
     4.231223
     6.008399
     7.964150
     8.821213
     8.236665
     7.812278
     8.168391
     9.375490
    10.505814
     4.445499
     4.252445
     6.038795
     8.622641
    10.084071
     9.618207
     9.407476
     9.894782
    10.475999
    11.062750
     7.040213
     6.567491
     8.016612
    12.390848
    16.984669
    12.379105
    10.938441
    11.207510
    11.192026
    11.944953
     8.310933
     8.063144
    10.805169
    15.508734
    17.590641
    14.864244
    12.261578
    12.286659
    13.367436
    13.743025
    10.061269
     9.513238
     9.299509
    11.020210
    12.751806
    13.350582
    13.470829
    14.638737
    15.566534
    16.078241
    12.424947
     9.755203
    10.227541
    11.683343
    13.236064
    14.025363
    15.468641
    16.476311
    16.833380
    18.160028
    13.067576
    11.127063
    11.527768
    11.375093
    12.736686
    14.609728
    16.579727
    18.248020
    19.364777
    20.512203
    13.755345
    13.050234
    13.236575
    12.855177
    14.052024
    15.436328
    17.138321
    18.809093
    20.103992
    21.596859
    14.902366
    14.540922
    14.792510
    15.094240
    16.231524
    17.642269
    19.170832
    20.343338
    22.011284
    22.575645
    11.065527
     9.524814
     6.704370
     6.479832
     6.962520
     7.096459
     7.119036
     8.610324
    10.008153
    12.393281
     8.422244
     6.680114
     4.669897
     4.113382
     4.487853
     5.162080
     6.446672
     6.854408
     8.389853
    10.977233
     7.438922
     6.130623
     5.101480
     3.522197
     3.162287
     3.911197
     6.453428
     7.289137
     8.286725
    10.920838
     5.862109
     5.445922
     4.817262
     3.872956
     3.524745
     3.304960
     4.150744
     4.193966
     6.445894
    10.336111
     5.291805
     1.875548
    -0.373726
    -0.187306
    -0.232719
     0.049750
     0.759863
     1.967950
     4.474265
     8.349483
     0.960225
    -0.215690
    -0.211617
    -0.923606
    -0.550262
    -0.020898
     0.610404
     1.590847
     3.043126
     5.804378
     0.972852
     0.381023
     0.158168
     0.249964
     0.354046
     0.588209
     1.058247
     1.736918
     3.128115
     5.313252
     1.079611
     1.251861
     2.803153
     4.058721
     3.506861
     2.426650
     2.274629
     2.626177
     4.025537
     6.135118
     1.950889
     3.225835
     7.980570
    16.175673
     9.762957
     5.341137
     3.990124
     3.946878
     4.982770
     7.006838
     2.483238
     4.412312
    10.712334
    23.880466
    15.910863
     8.958695
     5.770033
     5.631835
     6.141145
     8.032573
     2.728497
     4.505188
     9.519011
    20.898571
    19.365068
    11.185603
     8.462572
     6.839009
     7.854495
     9.255713
     2.665417
     3.979577
     7.229949
    11.687094
    13.897200
    11.671546
     9.368347
     8.729459
     9.259377
    10.585539
     1.847682
     2.666027
     6.043348
    10.144434
    12.833847
    12.270464
    10.744954
     9.778830
    10.824636
    12.355570
     2.437802
     3.073118
     5.825650
    13.314282
    19.838154
    14.246518
    11.507071
    11.009770
    12.080061
    13.405068
     5.598157
     5.008429
     7.106400
    12.990702
    18.301418
    12.819172
    11.536585
    12.091134
    13.398371
    15.396712
     7.389453
     6.918430
     9.273962
    13.283773
    15.421277
    14.013812
    14.564030
    14.512472
    17.092613
    18.124531
     8.275873
     7.454713
     8.725299
    10.545410
    12.129687
    14.478891
    16.235373
    18.092833
    19.439548
    20.888515
     9.368581
     8.603465
     8.637552
    10.119840
    12.040795
    14.728006
    17.497772
    19.718607
    21.978807
    23.193180
    11.438145
    10.814311
     9.302941
    10.462703
    12.420335
    15.406675
    18.615456
    20.981955
    24.210939
    25.916983
    13.454047
    13.061242
    12.865961
    13.987352
    15.706391
    17.623524
    20.206238
    22.046362
    25.030016
    27.489193
     8.960955
     7.498269
     6.726357
     4.393633
     4.511224
     6.870120
     7.306903
     8.161386
     9.206539
    12.073588
     7.345730
     5.039670
     2.789703
     1.958228
     3.955320
     4.427992
     5.741638
     7.928631
     8.554117
    11.430263
     5.434793
     3.605073
     3.362933
     2.927997
     3.134820
     3.098762
     4.533620
     5.161927
     7.706465
    10.884233
     3.072167
     0.771358
     0.303952
     1.336107
     0.548782
    -0.689362
     0.705841
     2.323129
     5.134423
     9.546713
    -0.410785
    -1.378171
    -1.890680
    -1.424392
    -1.863908
    -0.132329
     0.879527
     2.683302
     5.302773
     7.590766
    -0.119575
    -0.730889
     0.884631
     0.951820
     1.255060
    -0.158642
     0.087875
     2.074856
     4.738436
     8.169106
     0.484864
     1.223370
     2.197935
     1.703580
     0.891839
     1.035295
     1.200204
     2.793793
     5.308705
     8.335413
     1.217214
     2.142406
     4.724860
     6.779588
     4.650620
     2.085324
     2.497290
     3.874320
     6.704287
     9.569132
     1.273647
     3.440366
    10.280336
    20.037104
    10.968405
     6.093644
     5.278619
     5.866962
     8.533503
    11.092949
     1.922242
     4.516690
    11.371105
    19.127417
    14.664877
     9.854491
     7.700328
     8.385370
    11.000966
    12.924940
     1.984822
     4.093848
     9.166731
    17.514645
    22.568386
    14.265543
    11.247766
    11.626081
    13.530062
    14.502157
     2.095170
     3.833740
     7.707539
    14.749323
    23.495003
    18.189404
    14.675292
    14.603979
    15.432869
    16.408607
     1.788759
     3.649994
     7.299850
    13.161476
    18.552641
    19.293804
    16.773691
    16.528500
    17.820745
    18.469875
     1.698431
     3.201372
     6.778753
    15.843792
    24.992609
    19.984324
    16.877701
    16.346334
    18.105236
    19.078815
     2.067495
     2.483247
     5.525023
    11.504824
    20.703373
    16.537256
    14.988188
    15.523602
    17.852692
    19.555969
     4.814004
     4.911979
     5.652038
    10.368754
    11.464338
    13.839487
    15.964399
    18.297955
    21.185236
    23.126543
     6.903315
     6.596817
     8.394175
    10.886153
    13.078506
    16.696407
    19.320511
    22.125755
    25.472738
    26.889885
     7.978807
     7.280900
     8.231133
    10.365328
    13.567974
    18.181744
    23.363901
    25.272287
    28.535198
    30.720737
     9.733084
     8.585169
     8.565050
    10.143873
    13.150183
    17.858753
    25.662426
    27.236837
    32.271378
    37.072105
    11.936725
    11.121348
    10.654661
    11.698507
    14.064046
    17.586641
    24.771109
    25.495373
    31.308125
    38.359241
     8.246442
     6.798872
     6.082093
     6.716327
     6.737840
     5.987031
     8.355945
     8.123434
    11.208461
    13.503406
     5.046085
     2.375015
     2.300795
     1.439862
     2.541596
     2.810402
     4.366890
     6.922688
    10.512033
    13.681526
     1.634093
     0.521266
    -0.294443
    -1.030665
    -0.783268
     0.051503
     1.943407
     4.363493
     9.075728
    13.268120
     0.760514
    -2.336889
    -2.391023
    -1.040940
    -1.554061
    -0.272952
     1.540139
     5.105520
     8.886442
    11.427271
    -0.418598
     1.121879
     7.533225
    12.691973
     7.733172
     3.314957
     3.095664
     4.850854
     8.456282
    12.889130
     1.626676
     2.184061
     7.120585
     8.066952
     4.467935
     3.332268
     3.535779
     5.365584
     8.919797
    12.475832
     0.840176
     1.280533
     4.717231
     6.289895
     3.743663
     3.205783
     3.239101
     6.444510
    10.297786
    13.617736
     0.595885
     2.255107
     5.503732
     7.306453
     5.822309
     4.701950
     5.258132
     7.636556
    12.542105
    16.261618
     1.042016
     3.819262
    11.584904
    18.245327
    10.076503
     7.035750
     7.577158
     9.906790
    15.215959
    19.038385
     0.876110
     3.860130
    11.708655
    16.445583
    12.264557
    10.204874
     9.711240
    12.651194
    18.539494
    22.940552
     0.657255
     2.845230
     7.454125
    12.466374
    14.867519
    13.717975
    13.448438
    15.568186
    21.970240
    27.945580
     0.481519
     2.139254
     5.921523
    11.605142
    20.385792
    20.373472
    18.097258
    19.669096
    26.418591
    32.445259
     0.505353
     2.017725
     5.614934
    11.608032
    20.334099
    27.173309
    24.806028
    27.160215
    33.511139
    33.976219
     1.209123
     2.400966
     6.291373
    13.548738
    22.419283
    25.189489
    24.964153
    26.267113
    30.765404
    32.303944
     1.454851
     2.852273
     7.755292
    15.879807
    25.367449
    21.567644
    20.415981
    20.811153
    25.884901
    31.505730
     2.440950
     2.640211
     6.697440
    15.429757
    18.080318
    17.620562
    20.632629
    21.971140
    27.772907
    34.417839
     5.293706
     4.935562
     6.061409
    10.251093
    12.240886
    17.195503
    25.431387
    26.799656
    33.260483
    39.155621
     6.938044
     6.482507
     8.008349
    11.026159
    13.174584
    18.127552
    26.314264
    29.294270
    38.537903
    47.483997
     8.101545
     7.165989
     8.060953
    10.079371
    13.380926
    17.912855
    24.413914
    28.730747
    36.811226
    43.155853
    10.850016
     9.470214
     9.666388
    11.191027
    13.457404
    17.089663
    21.454853
    25.368460
    30.287893
    32.752132
     5.799818
     3.467415
     3.702850
     4.091925
     3.350749
     4.014068
     7.009649
    10.362025
    14.596716
    16.871876
     1.238026
     1.160399
     0.989975
     1.579874
     0.708660
     1.838657
     4.047200
     7.633264
    13.458578
    18.019947
     0.607662
    -0.736599
    -1.353454
     1.273556
    -0.286179
    -1.080892
     2.671965
     8.029043
    14.928367
    18.677639
     1.271246
     2.651514
     3.382766
     7.364861
     7.280950
     5.205895
     7.005781
     9.820483
    15.860420
    21.701025
     1.283677
     2.509136
     4.556822
     9.930676
     6.514310
     6.306763
     8.052770
    11.437181
    18.118237
    22.547300
     0.949516
     1.944283
     5.546500
     4.097095
     4.855597
     7.566039
     9.077052
    12.907201
    19.752592
    24.551105
     3.019392
     4.191494
     7.303232
    12.601519
     9.082990
     9.403476
    10.496090
    12.270957
    21.241095
    28.426893
     4.789547
     6.738802
    11.349211
    13.646034
    12.717098
    11.558784
    10.180063
    15.269119
    23.951195
    33.328857
     2.642031
     6.750297
    13.336691
    14.565549
    13.155050
    12.993632
    14.343493
    17.490074
    24.887375
    33.110970
     2.445835
     6.631852
    15.489554
    21.821125
    16.665333
    14.641190
    15.308700
    17.660437
    25.721638
    30.881079
     2.526885
     6.517270
    13.203597
    17.787752
    19.005629
    18.789822
    18.155424
    20.922152
    24.439091
    28.261278
     1.013299
     4.714541
    10.083855
    15.900492
    17.586979
    19.488289
    23.289928
    23.078568
    25.747141
    24.233204
    -1.440383
     1.975569
     8.147371
    12.636074
    20.161154
    24.810659
    31.222477
    30.533676
    25.133961
    22.970467
    -0.775882
     1.323606
     6.344534
    12.554049
    20.712049
    26.405926
    30.728315
    26.609001
    23.355057
    22.177288
     0.669635
     1.875868
     6.928132
    16.462536
    24.477091
    22.897585
    24.695446
    21.737959
    21.384264
    22.310440
     2.718712
     4.427777
    10.107438
    22.134289
    22.385445
    20.008066
    24.462309
    21.396854
    22.626249
    23.965117
     3.358725
     3.254073
     6.368556
    13.243098
    16.451866
    18.877542
    22.253424
    24.332792
    26.573025
    29.516449
     5.177723
     5.071735
     6.856486
     8.680697
    11.116643
    15.250386
    19.681118
    24.218908
    32.643604
    39.867489
     6.924861
     6.651255
     7.619907
    10.167402
    12.696236
    16.233889
    20.545298
    25.828037
    34.837410
    43.596085
     9.525708
     8.535918
     9.145663
    10.802034
    13.161767
    16.252872
    19.498253
    23.535320
    30.200436
    35.172115
     4.011229
     1.453412
     1.726426
     1.740494
     1.947254
     2.743096
     5.659581
    11.421374
    20.995543
    28.894732
     1.625826
    -0.335328
    -0.754883
    -1.245356
    -0.158745
     0.616204
     4.121804
    10.816247
    22.444082
    31.869946
     2.490834
     2.476474
     5.178592
     1.068633
     3.283121
     4.090222
     7.155124
    13.477930
    23.988358
    35.827354
     1.708899
     1.579121
     2.891292
     3.932130
     5.220777
     8.171803
    12.128136
    19.260405
    31.911619
    39.908062
     3.276224
     2.519687
     3.071398
     3.511261
     5.285396
     9.013984
    12.956001
    20.577499
    30.676407
    38.269043
     2.594406
     4.019773
     7.443237
     9.176591
    10.571887
    12.870832
    14.436018
    20.066248
    29.472200
    34.597668
     4.334605
     7.830321
    10.078764
    12.137041
    12.935929
    14.723560
    19.183167
    22.615025
    27.851406
    30.970913
     7.097288
    10.141325
    14.344220
    19.530834
    16.167990
    17.941851
    20.014275
    23.144081
    26.895496
    27.498808
     8.926041
    12.304648
    16.373003
    19.596001
    19.602827
    20.697929
    22.635975
    23.232456
    26.151318
    25.274914
    10.037064
    15.185867
    22.018984
    27.218058
    23.655956
    22.603430
    24.235500
    24.586597
    24.833803
    24.160904
     6.987603
    10.446466
    17.793177
    25.411207
    24.153122
    27.281660
    28.954065
    27.683083
    26.563644
    22.520861
     7.896766
    11.394279
    17.076410
    23.409254
    25.732254
    30.622786
    38.534279
    32.210491
    25.578831
    22.655228
     6.263826
    11.000164
    16.831606
    23.220243
    27.004486
    31.413044
    37.168949
    31.370285
    24.899113
    21.166876
     4.872876
    10.779966
    17.943142
    23.845366
    26.586529
    28.493055
    29.741169
    26.254681
    22.287249
    16.195232
     4.635070
     9.726059
    16.362490
    24.720829
    29.998402
    26.493086
    24.446407
    21.060368
    15.944613
    12.156973
     2.590689
     6.638871
    11.908587
    22.074339
    24.244032
    20.751686
    17.631641
    13.396543
    12.532082
    13.427072
     3.437635
     2.941925
     6.868111
    13.503088
    15.076756
    14.783609
    15.805321
    15.193933
    16.747278
    17.738068
     4.347942
     4.781474
     6.916539
     9.303279
    12.745267
    15.626647
    16.875776
    18.622820
    19.287407
    20.873192
     5.498274
     4.815005
     6.848848
     8.068326
    11.373176
    14.499500
    17.076227
    19.850529
    24.323738
    27.597548
     7.788075
     7.600408
     8.483861
    10.865514
    13.525608
    16.648365
    18.913868
    21.198137
    25.906292
    30.616495
     2.651841
     1.048151
     0.624594
     1.467354
     1.867813
     3.507493
     5.373099
    10.813474
    22.253618
    32.170708
     0.070789
    -1.104934
     0.592110
     1.128790
     1.109560
     2.515668
     5.396041
    10.829688
    21.576838
    30.443825
     0.773082
     1.310183
     0.591028
     1.970691
     3.166182
     5.589072
    10.003827
    17.499519
    24.233212
    26.506060
     2.354398
     3.098586
     3.345618
     3.057481
     5.969239
    10.106750
    15.867047
    23.635031
    33.306007
    36.421928
     3.379988
     3.823515
     4.172521
     5.358832
     8.095305
    12.036533
    18.601103
    27.465614
    36.443161
    36.112213
     4.715810
     3.880317
     4.532678
     5.874398
     8.272635
    10.966230
    17.900629
    25.889805
    32.915676
    34.488716
     5.248777
     5.397300
     5.391193
     7.443969
    10.186769
    14.088570
    19.718153
    28.210423
    32.198959
    31.824446
     6.229630
     6.511611
    10.031272
    12.357881
    13.140564
    15.887916
    22.656883
    31.437740
    31.411076
    29.752428
     7.746219
     9.016631
    14.568283
    18.963751
    16.256741
    19.151562
    27.330132
    32.965755
    29.980556
    24.900969
     8.051775
    10.423682
    18.339594
    24.113953
    19.345379
    23.376654
    33.209152
    32.940453
    27.935402
    26.150534
     8.364908
    10.926943
    17.735085
    24.234581
    22.921553
    28.701805
    41.889206
    32.797092
    26.969381
    24.817165
    11.002232
    13.658171
    20.273306
    27.512157
    26.000355
    30.609900
    39.090031
    31.387344
    25.864298
    23.895584
    10.993898
    13.980849
    20.381813
    26.613510
    26.803349
    28.885700
    30.814129
    28.206430
    24.653297
    20.824934
    11.539970
    13.631379
    20.157816
    29.162891
    27.342907
    27.517382
    27.286304
    25.242992
    21.758619
    17.810001
     8.461523
    13.933892
    19.784283
    25.698259
    30.110615
    27.409576
    25.203390
    21.887289
    16.886806
    13.412409
     8.073837
     9.972350
    14.480094
    22.685677
    29.428015
    24.447247
    19.535770
    14.850702
    11.494964
     8.698265
     2.869971
     4.554236
     9.938908
    14.408010
    16.644358
    18.038059
    14.965969
    11.744833
     9.310354
    10.299737
     3.479350
     3.261308
     5.608960
     8.734522
    13.101271
    15.492558
    15.839372
    15.220007
    13.240126
    12.917931
     4.508361
     4.864525
     6.820477
     9.370267
    13.237854
    17.710247
    16.919403
    15.784394
    15.585772
    16.331770
     6.720893
     6.235984
     7.354496
    10.450321
    15.144391
    24.595411
    21.186014
    18.191204
    18.186647
    19.083054
     2.299327
     0.786488
     0.268788
     0.557334
     1.100017
     2.012863
     4.021615
     9.097795
    16.227770
    24.309959
    -0.263263
    -0.783738
    -1.537271
     0.611808
     1.362784
     2.777761
     5.870712
    10.455192
    18.524517
    26.778028
     1.634960
     1.412405
     1.235018
     1.473784
     2.151639
     5.606987
     9.360998
    16.800953
    27.775185
    31.315283
     1.656368
     2.668538
     3.529225
     3.812163
     6.821493
    10.036787
    15.702390
    26.385883
    40.545799
    46.505539
     4.458373
     5.028215
     4.701290
     4.910394
     6.656238
    11.939561
    19.327005
    31.217901
    47.765778
    44.363232
     4.334742
     2.525048
     2.737490
     4.347637
     6.176452
    10.838489
    18.387035
    30.970133
    41.659492
    35.674370
     2.708384
     2.213781
     2.851439
     3.988030
     6.452474
    11.163820
    18.789965
    33.461315
    35.569717
    28.725628
     2.508978
     2.858730
     4.841750
     6.954123
     9.178520
    13.472273
    22.176590
    36.182777
    29.150606
    24.660370
     3.274498
     5.005788
     9.628383
    12.769264
    13.210215
    16.660700
    25.838230
    33.156582
    24.051512
    20.981153
     3.923891
     6.568716
    13.458780
    17.700842
    15.679651
    19.584930
    27.580786
    26.415363
    20.760601
    18.777140
     4.489236
     7.064485
    11.876549
    15.247591
    17.322350
    21.871881
    28.549023
    23.943165
    20.267311
    19.018055
     4.848292
     7.577299
    13.807606
    19.700947
    19.835155
    24.831955
    30.816303
    23.615620
    19.347324
    18.964516
     6.735251
     9.851800
    18.434544
    27.175768
    22.853405
    25.759699
    28.728865
    22.238995
    19.195599
    18.434481
    10.610416
    12.207373
    17.610638
    23.184269
    24.041548
    25.193176
    25.362116
    21.666958
    19.155077
    18.360966
    11.551447
    13.080469
    17.547674
    21.480551
    25.064608
    25.707199
    24.130377
    21.209484
    17.280802
    15.253652
     8.892922
    10.638722
    15.596842
    23.379765
    31.824568
    27.027336
    22.752026
    19.008150
    12.209456
    11.022265
     7.274024
     8.889997
    12.727752
    19.841658
    27.721577
    27.259985
    20.681431
    14.265066
     6.706520
     5.157556
     1.883782
     1.947864
     4.651482
     9.305933
    16.008701
    22.571487
    18.523428
    13.069090
    10.666514
     9.660175
     4.740733
     5.102779
     6.014094
    10.149946
    16.430605
    28.913700
    20.959196
    13.362048
    10.766212
    10.573391
     5.100193
     4.846611
     6.329401
     9.394421
    15.278316
    24.790945
    19.960751
    14.132595
    12.880021
    13.342373
     2.933019
     0.776148
     0.179948
    -0.327620
    -0.593310
     0.272325
     1.871869
     4.963138
     8.845919
    12.188012
    -0.331217
    -1.883142
    -1.819602
    -0.122038
     0.756050
     2.015247
     4.438832
     7.272685
     9.386435
    13.763113
     1.747376
     1.909127
     0.833123
     1.306794
     2.676397
     4.376502
     8.994532
    15.242048
    24.579979
    25.769009
     2.055334
     2.023335
     1.861133
     5.237502
     5.985914
     9.882925
    16.106058
    25.387442
    43.030907
    47.762650
     5.747694
     7.544295
     5.000564
     5.658016
     7.351290
    10.555188
    18.638103
    30.063660
    45.246098
    43.367210
     5.354478
     2.944422
     0.361196
     1.311903
     4.151586
     8.689165
    16.171019
    26.771078
    34.828102
    33.055229
     0.630620
    -1.010033
     0.792942
     2.112524
     4.587951
     9.078547
    15.445914
    22.669003
    25.825691
    24.408615
     0.982278
     1.102960
     2.859078
     4.567176
     6.827080
    10.749018
    16.113052
    20.995060
    21.737822
    20.258396
     1.976745
     3.247298
     6.281383
     8.519545
     9.992033
    12.781973
    16.811573
    19.360212
    18.335714
    17.131079
     2.917098
     4.963768
    10.478992
    13.547271
    12.314414
    14.321801
    16.563631
    17.380621
    15.857417
    14.809134
     3.436394
     5.571282
     9.188408
    11.178400
    13.053005
    15.450882
    16.956511
    15.936899
    14.145000
    13.460900
     3.334533
     5.380696
     9.504318
    13.249189
    15.180178
    17.181297
    18.434961
    16.010536
    13.438139
    13.005025
     4.071921
     6.678460
    13.636567
    21.062916
    18.003796
    21.031998
    22.858103
    16.932228
    14.472191
    13.349305
     7.022376
     8.288529
    13.623015
    19.316788
    20.195532
    25.036488
    26.842083
    18.711670
    16.165813
    15.460839
    11.615953
    12.132214
    15.878912
    19.146358
    22.188606
    26.956909
    26.532120
    20.323864
    17.559978
    16.550764
    10.047274
    13.422270
    17.745558
    24.389008
    27.551031
    32.282288
    27.910395
    21.991352
    16.087490
    10.579901
     7.249597
     9.575865
    13.397618
    20.690121
    31.907141
    42.430042
    30.090611
    13.472483
     6.988685
     4.115903
     0.550610
     1.188866
     3.165483
     8.072002
    19.638813
    32.938095
    21.687185
    11.389814
     7.273786
     6.820137
     3.623786
     3.736853
     5.179833
     8.420000
    14.601189
    20.309488
    16.891018
    11.480445
     7.509723
     7.142581
     4.289709
     4.121503
     5.199979
     8.089470
    11.472051
    13.650864
    13.059031
    10.159562
     9.217308
     9.772313
     4.900609
     2.556182
     0.412579
    -0.979191
    -0.991290
    -0.405739
     0.799971
     2.567561
     4.933876
     7.049949
    -0.033222
    -2.909552
    -3.056071
    -0.971820
     0.082104
    -1.947387
    -2.544021
     0.008659
     3.064920
     6.231349
     0.044485
     1.236221
     1.163570
     1.346839
     1.508766
     3.309189
     4.849227
     8.245165
    12.093688
    14.383711
     3.684348
     2.567901
     3.109219
     4.286254
     5.930542
     6.782427
    10.133614
    18.078955
    24.784910
    25.611530
     6.959698
     9.006483
     7.274195
     6.339160
     7.079063
    10.350281
    16.166880
    27.351038
    41.539341
    36.220787
     8.971790
     3.756127
     1.659304
     0.508303
     2.406727
     6.426641
    13.820060
    24.439291
    35.617195
    28.449633
     2.889159
    -2.012805
    -1.249287
     0.786719
     3.877231
     7.811126
    13.897077
    20.755733
    24.117828
    22.138380
     0.105822
     0.874278
     1.703477
     3.796988
     6.105951
     9.332678
    13.697919
    17.492321
    18.827423
    18.217037
     1.121506
     2.993307
     5.118522
     6.715844
     7.739474
    10.099947
    13.180180
    15.295580
    15.681051
    15.484838
     2.460167
     3.869269
     8.219362
    10.439604
     9.621330
    11.335900
    13.518112
    14.549024
    14.220782
    13.397989
     2.581089
     3.930216
     6.690433
     9.053144
    10.558739
    12.398955
    14.010469
    13.602194
    12.467686
    11.665219
     2.813476
     4.503915
     7.630303
    10.597816
    11.606018
    13.292736
    14.403475
    13.041641
    11.476137
    10.927722
     3.304251
     5.396168
    10.903331
    16.561392
    14.748648
    14.948663
    15.399931
    13.621385
    11.262978
    10.387478
     4.510424
     5.808990
    11.486788
    18.823984
    16.539043
    17.518307
    17.631830
    15.037760
    13.118306
    12.083840
     8.507877
     9.090628
    11.661984
    16.681217
    17.603931
    21.124727
    22.208838
    18.705481
    16.265671
    15.593273
    13.630703
    15.497180
    17.327448
    22.302393
    24.527834
    29.489096
    28.076864
    22.202909
    16.449780
    10.916045
     5.944175
     7.695678
    11.977797
    17.734825
    27.480202
    36.211834
    29.579666
    16.178387
     5.036326
     1.513566
    -0.073443
     0.720643
     2.849670
     7.234331
    13.369447
    24.000372
    15.047515
     7.831918
     4.435628
     4.013432
     2.870795
     2.201408
     3.701360
     5.302511
     9.196611
    12.182329
    10.943837
     7.775274
     6.089499
     4.203062
     3.559352
     3.742132
     4.391341
     5.838542
     8.186701
     9.305480
     8.453911
     6.721099
     6.485823
     7.414696
    10.726173
     4.237333
     2.316394
     1.062662
     0.784454
     0.809553
     1.166713
     2.101944
     4.028420
     5.713400
     1.872042
    -1.652661
    -2.014726
    -4.397889
    -5.414002
    -4.642648
    -3.556541
    -1.802431
     0.317262
     1.744446
     1.769579
     1.055027
     0.605060
     0.082902
     1.916883
     2.516534
     3.979230
     5.892442
     4.568959
     2.333434
     5.139819
     5.266695
     4.625880
     7.079840
     6.917201
     7.850634
    10.713688
    13.681892
    15.036069
    13.113916
    10.446137
     9.244457
     6.758676
     5.677707
     5.534158
     8.030977
    11.821230
    18.580959
    24.438450
    24.105452
    10.522559
    10.133127
     3.620300
     1.528981
     2.549102
     5.751563
    12.585588
    25.966343
    31.492990
    22.669802
     4.804654
     3.121339
     0.295806
     0.291215
     2.177315
     6.195293
    14.157961
    25.287039
    25.074949
    19.888247
     0.296303
    -0.506901
    -0.021390
     3.613394
     5.070613
     8.672029
    15.214523
    20.474409
    19.842770
    17.593521
     0.829925
     2.630241
     3.821687
     6.645350
     7.535709
    10.459314
    15.130083
    18.061657
    16.628662
    14.888256
     1.532189
     3.947202
     7.134708
     8.504025
     8.642035
    11.389531
    15.682875
    17.482533
    15.115208
    13.543268
     2.361086
     3.413130
     5.603979
     7.571967
     9.351576
    12.335679
    16.368416
    17.154758
    14.168386
    11.962618
     2.431407
     3.602963
     6.090878
     8.631645
    10.675829
    13.496737
    17.107098
    16.279028
    12.949411
    10.671309
     2.960629
     4.597728
     8.809213
    13.210837
    12.728498
    14.481267
    17.423555
    15.493558
    11.832787
    10.461914
     3.894980
     6.456623
    10.304060
    17.171938
    14.005650
    15.383950
    17.611488
    15.724988
    11.496381
    10.159876
     7.823756
     7.882363
    11.644549
    15.273212
    16.090696
    18.203882
    21.290287
    18.144571
    14.536010
    13.819242
    15.003611
    14.817100
    15.509811
    17.615646
    23.248877
    29.614399
    31.587629
    22.485010
    14.858423
    10.912328
     5.194659
     7.630340
    11.027689
    14.555352
    20.000469
    27.511194
    25.321995
    13.949446
     5.580567
    -0.058244
    -0.980707
    -0.578821
     1.501987
     4.500417
     6.310660
     8.160585
     7.033352
     4.094327
     1.659540
     1.844071
     1.939810
     1.380099
     1.753350
     2.942589
     4.169527
     5.784798
     5.769027
     4.908087
     4.091431
     2.710618
     2.453009
     2.722679
     3.075015
     3.865774
     5.189157
     5.471881
     5.401871
     4.167603
     4.288315
     5.618402
    11.045383
     8.715029
     6.279342
     2.116050
     0.570895
     0.429533
     1.039189
     1.682211
     3.059510
     4.830252
     4.350381
     0.877023
    -3.088953
    -5.183033
    -5.159154
    -5.049606
    -4.692294
    -3.767314
    -1.943880
     1.362512
     2.662770
    -3.115125
     0.348778
    -1.789377
    -1.616476
    -1.340795
    -0.675639
    -2.146994
    -1.422933
    -1.841541
     4.231359
     5.800692
     5.060637
     4.776864
     7.045813
     7.083713
     8.120054
     8.649880
     6.556566
     6.352413
    10.124168
     9.906929
     7.138358
     5.266183
     4.740909
     5.175178
     6.820764
     9.005446
    11.719786
    12.963565
    11.303851
    10.758919
     5.344656
     2.978119
     2.424897
     4.578756
     8.734930
    14.190151
    17.018301
    15.463354
     6.711782
     5.613472
     3.521935
     1.013970
     1.892403
     5.511996
    13.122761
    26.327614
    20.762945
    16.108629
     3.196896
     3.765877
     3.331710
     1.669579
     3.060858
     8.479292
    17.799091
    30.940786
    20.137236
    15.267795
     0.507338
    -0.038361
     8.704182
     5.597998
     6.281986
    11.579791
    20.536510
    28.824144
    18.702152
    15.076121
     1.188316
     3.381439
     5.600669
     8.269720
     8.839520
    12.585227
    22.892574
    28.948883
    17.314915
    13.771037
     1.900599
     4.148620
     6.346538
     7.849380
     9.476481
    13.555757
    24.564457
    27.302114
    16.013971
    12.799522
     2.721350
     3.899044
     6.421679
     8.688206
    10.578769
    14.605824
    25.871988
    25.036585
    14.854792
    11.559477
     3.235510
     4.452245
     8.148565
    11.505862
    12.330295
    15.590786
    26.695538
    21.770857
    13.426476
    10.355680
     4.202578
     6.202411
    14.135260
    14.949009
    13.138077
    15.829629
    24.530371
    18.428295
    12.198906
     9.891874
     8.262967
     8.230400
    11.414618
    15.022349
    14.163254
    17.714710
    26.262735
    17.897299
    12.221628
    15.112651
    17.235056
    16.948421
    18.858763
    19.873341
    19.107830
    23.121998
    27.331541
    20.955667
    14.038023
     9.157460
     4.549046
     7.773192
    10.833144
    12.792782
    15.167371
    16.016281
    14.526594
     9.638786
     3.998167
    -1.207440
    -1.943694
    -2.762333
    -2.159908
    -0.074637
     1.705273
     1.899581
     0.993235
     0.580249
     0.444488
     1.106179
     1.306407
     0.550142
     0.436991
     1.125737
     1.634108
     1.971366
     1.984421
     1.999059
     2.401690
     2.253027
     1.875777
     1.490679
     1.737368
     2.060138
     2.576791
     3.428381
     3.007029
     2.253627
     2.777552
     4.251018
     9.713524
     7.513725
     4.659907
     2.722045
     2.049263
     1.584302
     1.577484
     2.219790
     3.362443
     4.882891
     8.377246
     7.243132
     0.168051
    -1.559996
    -3.043148
    -4.161363
    -3.312921
    -1.271370
    -0.396930
     1.233427
    -0.286341
    -3.319197
    -5.074246
    -5.851432
    -3.638376
    -4.844334
    -5.065859
    -6.678160
    -4.925989
    -2.565319
     3.814393
     6.386038
     4.216866
     1.923221
     1.300956
     1.157821
     1.754043
     2.251129
     2.619122
     3.977751
     6.777547
    10.717139
     8.808803
     6.043916
     4.953370
     4.533764
     5.601836
     6.813830
     8.731161
     9.337158
    12.221160
    11.904761
     7.754365
     5.101817
     3.076920
     3.054419
     4.087180
     6.484611
     8.162181
     9.534322
    11.227577
     5.446513
     3.617978
     2.376071
     2.337043
     3.861689
     7.403888
    10.069288
    10.785443
    11.350856
     4.980775
     5.385692
     4.658723
     2.168027
     3.018569
     5.785562
    10.688261
    14.830343
    13.417904
    12.352507
     3.726743
     3.201144
     2.798941
     3.277681
     4.296754
     8.532977
    13.612343
    16.886251
    14.463880
    12.990087
     1.772951
     2.627063
     5.522393
     6.332591
     7.422276
    11.787584
    16.173071
    18.048908
    15.121606
    13.586858
     2.237395
     3.899735
     7.674462
    10.678309
    10.279837
    12.427417
    16.314054
    17.168182
    14.148180
    12.773517
     3.044580
     5.187678
     9.599230
    11.713527
    11.058232
    12.828372
    16.072025
    16.065338
    13.183110
    12.084299
     3.495857
     5.589836
    10.204478
    14.270207
    12.064203
    12.966190
    15.509642
    14.930953
    11.870803
    11.152699
     5.934518
     6.206639
    12.558856
    19.711872
    13.600417
    12.829162
    14.254748
    13.447529
    10.468992
     9.313683
    10.958905
     8.753535
    12.293277
    12.301012
    10.791955
    11.051944
    11.971894
    12.432382
    11.050209
    13.387178
    19.074223
    19.752977
    19.537271
    19.853128
    17.616764
    19.514128
    20.007076
    17.838486
    10.924265
     6.389217
     5.482364
     6.775401
    11.917939
    14.461004
    13.950194
     8.992726
     7.236397
     3.349668
    -0.975362
    -3.903574
    -1.681110
    -3.331896
    -3.585146
    -4.103549
    -3.253750
    -2.505579
    -1.868685
    -1.216958
    -0.683301
     0.338015
     0.961023
     0.266872
     0.073054
    -0.155418
     0.140117
     0.548021
     0.217989
     0.851707
     0.864822
     0.604234
     1.663763
     0.115446
    -0.119417
     0.291655
     1.155392
     0.983552
     1.063347
     0.980803
     1.957425
     4.337471
    11.522153
     8.592811
     5.724742
     3.709219
     2.954441
     2.127446
     1.990719
     2.205524
     3.581109
     5.433891
     8.950033
     6.644248
     3.723860
     1.749386
     0.210688
    -0.480831
    -0.408322
    -0.217956
    -0.123042
     1.231355
     7.563259
     2.931244
    -3.412082
    -7.231898
    -8.035057
    -8.140393
    -7.716893
    -6.483947
    -4.668032
    -1.451996
    -1.692999
     3.294289
     3.858550
     0.979958
     0.950243
     0.677320
     0.632641
     1.162925
    -1.003594
    -0.025105
    13.884178
    14.044206
     7.901456
     5.689376
     4.499002
     7.770536
     5.989126
     5.925828
     5.479368
     4.389729
    13.816841
    16.109270
     9.877164
     7.078672
     5.190678
     4.227767
     4.224813
     4.891435
     4.761854
     8.208367
    14.794310
    15.708443
    11.429855
     6.687220
     3.856473
     3.094339
     4.132985
     6.011718
     7.257763
     8.262186
    11.016152
    10.922598
     5.072755
     3.375711
     3.534863
     5.034022
     6.901944
     9.123255
     9.343386
    10.465230
     6.188637
     5.622146
     5.646199
     5.161438
     5.346393
     6.854219
     8.959742
     9.815804
    10.390025
    11.189346
     5.060967
     5.710797
     9.847640
     7.480758
     7.123111
     9.387630
    11.034986
    12.037511
    12.219745
    11.768027
     3.933115
     5.220759
     8.667428
    10.519890
    11.361805
    11.124965
    13.327709
    13.569796
    13.339946
    13.640416
     4.456840
     5.651266
     9.334257
    11.498598
    13.073257
    12.760241
    12.697955
    12.738288
    12.514813
    12.949035
     5.016194
     7.152792
    10.566831
    14.039196
    11.900146
    11.457925
    11.788355
    11.874567
    11.817008
    11.299062
     9.692940
     9.322453
     9.490619
    11.139102
    10.663103
     9.456790
     9.631243
     9.659118
     9.102975
     8.981600
    16.806896
    14.927520
    16.601757
    15.033946
    13.615796
     8.657091
     9.150575
    10.230000
    10.773375
    14.831470
    18.113779
    21.571281
    24.085846
    22.276278
    23.665030
    21.662380
    20.114180
    18.300560
    11.802113
     4.578375
    -0.069109
     3.982780
     3.051177
     9.625562
    10.736839
     6.207489
     3.938092
    -0.587494
    -3.654645
    -3.602507
    -0.477937
    -2.871897
    -3.780121
    -4.624739
    -4.142028
    -3.489705
    -2.692017
    -2.411842
    -1.276234
     0.241472
     0.401478
    -0.753418
    -0.654971
    -0.160044
     0.194856
    -0.172959
    -0.199003
     0.315030
     0.027051
     0.175024
     2.724737
     1.290374
     0.387145
     0.055422
    -0.118005
    -0.023364
     0.184660
     1.662859
     2.693628
     4.937457
    15.078417
    11.777365
     9.593542
     6.174775
     4.710516
     4.504493
     4.360499
     4.181736
     4.757594
     6.680024
    10.543649
     7.655184
     4.752857
     2.565447
     1.126019
    -0.031082
     0.155310
     0.820862
     1.449006
     2.740140
    11.743788
     9.590274
     4.397851
     1.160822
    -0.863743
    -1.695176
    -2.590231
    -2.164078
    -0.585508
     0.403943
    13.521832
     5.214622
    -4.585472
    -7.200037
    -6.431377
    -5.413088
    -6.356356
    -5.390740
    -6.254292
    -4.095995
     3.875587
     5.985167
     7.499613
     5.944113
     4.403922
     3.798441
     3.563970
     1.815771
     1.533706
     1.517959
    21.514799
    25.345100
    16.112595
    12.272542
    13.385395
    13.460294
     7.213784
    10.274135
     8.359645
     5.873207
    20.796642
    19.056232
    11.112099
     8.217662
     6.377529
     4.692650
     3.779183
     4.258958
     4.569444
     6.585122
    15.384386
    15.024097
    14.916692
    10.230721
     8.189127
     8.880930
     9.298880
    10.213359
     9.901396
     9.755400
    16.412045
    14.352412
     9.394817
     7.195963
     7.379851
     9.191492
    11.537600
    12.557495
    12.383793
    12.300577
    12.494676
     8.969717
     9.470083
     9.526366
     9.756521
    10.829786
    12.333182
    13.133173
    13.348763
    13.829296
     9.729618
     7.895144
    12.227257
    10.133308
    13.228846
    11.991739
    12.926516
    13.387506
    13.102101
    13.788099
     8.974871
     9.024721
    12.774527
    18.396637
    13.154278
    12.564894
    12.856198
    13.330099
    12.974571
    11.776908
    17.022955
    14.478924
    16.345057
    14.924424
    10.784101
    10.970712
    11.845572
    11.825315
    11.076212
    12.066775
    19.400349
    20.061422
    25.337963
    22.519587
    11.231819
    10.059769
     9.405897
     9.072122
     8.996881
    10.789847
    23.706436
    23.592129
    27.490499
    29.334248
    24.501535
    18.679020
    15.910239
    16.487339
    14.094778
    10.595557
     5.422760
    13.146883
    22.669405
    24.037525
    28.125118
    21.200993
    16.410812
     4.315001
     0.224086
    -3.322038
    -3.413418
    -5.405045
    -3.749144
    -3.640082
    -1.856625
    -5.466444
    -5.444705
    -6.376206
    -4.020895
    -2.110710
     1.586967
    -0.758312
    -2.462941
    -2.377875
    -2.742742
    -2.067541
    -2.214682
    -1.820325
    -1.109028
    -0.277028
     0.464549
    -0.774619
    -1.091290
    -1.363851
    -1.639944
    -1.422777
    -2.213635
    -1.628910
    -0.612137
     2.123710
     5.886354
     2.413668
     1.253052
     0.378824
     0.449917
     1.689012
     1.460162
     1.692227
     3.761412
     4.071620
    21.526802
    16.048353
    11.773981
     9.156671
     6.871834
     5.851439
     5.494688
     5.656717
     6.932164
    10.147232
    15.950938
    13.289988
     9.609747
     6.417396
     3.069504
     2.604971
     2.081961
     2.386356
     2.824993
     4.282966
    12.922864
     9.187074
     6.826375
     3.705673
     0.977440
    -0.074478
    -0.534120
    -0.568487
     0.371433
     2.318825
    14.780844
    12.477876
     5.937686
     0.685870
    -1.039182
    -3.075114
    -2.964370
    -2.855263
    -1.556798
     0.222281
     9.288102
     5.440997
    -0.930938
    -5.510141
    -4.466481
    -2.758140
    -2.218354
    -3.357897
    -6.246982
    -4.570736
     5.755250
    12.252593
     7.648175
     8.484617
     8.260567
     8.313742
     8.753065
     8.769905
     5.237972
     1.827689
    19.146408
    16.818447
    15.099033
    17.550993
    18.765644
    21.123457
    21.625029
    16.914448
    11.469825
     8.048849
    16.788527
    21.972692
    20.558886
    18.549393
    12.907516
    11.216360
     9.443074
    17.866314
    24.378828
    14.531687
    22.666416
    19.888990
    20.537550
    19.043545
    16.157459
    13.222128
    10.557780
     8.973561
     8.247229
    10.558744
    24.464756
    23.204849
    23.603086
    22.000723
    12.699391
    17.410934
    19.144623
    18.267323
     9.401889
    11.045842
    26.858192
    27.777910
    19.504303
    12.009649
    13.864695
    16.548996
    17.460852
    13.285460
     9.540482
    15.188704
    24.640152
    26.021151
    26.788725
    17.844007
    15.212742
    15.275415
    15.160035
    13.353004
    11.248440
    13.545059
    26.549135
    30.812233
    37.070507
    56.026962
    52.168934
    29.838366
    20.383015
    14.617624
    17.607662
    20.161411
    11.872930
    31.901869
    38.402485
    45.296772
    42.586750
    31.054304
    28.801136
    25.217276
    15.879004
    11.158798
     0.365830
     8.726123
    16.141495
    26.255518
    25.806423
    20.671251
    20.244421
    13.717237
     5.422823
    -2.260682
    -0.490504
    -2.956490
    -1.578782
     0.316376
     1.375950
     0.496853
    -2.264400
    -3.331336
    -5.914345
    -3.658165
     1.281408
     0.691124
    -1.697205
    -4.227994
    -5.169554
    -4.070675
    -3.986676
    -2.955361
    -2.064696
    -0.162664
     0.750660
    -0.434608
    -0.912471
     0.567813
    -0.531923
    -0.502205
    -0.335123
    -2.067642
    -1.964450
    -0.353991
     5.543542
     1.586675
    -1.580214
    -2.603009
    -3.179039
    -2.943951
    -1.717074
    -0.446185
     0.470539
     3.035908
     9.328514
     6.248158
     4.737679
     3.104547
     2.023617
     2.267125
     3.605095
     4.942638
     4.513456
     7.233431
    33.446793
    28.435436
    21.549706
    16.932470
    13.374008
    11.607635
    10.363820
     9.775668
     9.613724
    11.917764
    28.368412
    19.972605
    13.608992
     8.798447
     5.637500
     4.030502
     3.052002
     2.940787
     4.624404
     8.439997
    19.153503
    18.149702
    13.076269
     5.513862
     2.919311
     1.377171
     1.749891
     2.019510
     2.289826
     3.460184
    17.380920
    12.119920
     8.501217
     5.106462
     2.341441
     0.523188
    -0.394592
    -0.515795
     0.011681
     1.372340
    19.102947
    14.915052
     7.610652
     0.992677
    -1.939804
    -2.768375
    -3.091688
    -2.638877
    -1.496752
     0.259133
    14.149441
    11.919761
     1.252800
    -4.719383
    -6.864503
    -7.343483
    -7.847732
    -5.716964
    -4.122887
    -3.073925
     6.533660
     2.837762
    -3.268397
     4.441104
     5.551113
     9.178404
    20.551994
    15.997650
     1.514913
    -5.690540
     0.361365
     6.724594
     6.232080
    10.700788
    18.426897
    24.263210
    39.029709
    24.494259
    10.876186
     0.921737
     2.874698
     8.738962
    17.998667
    23.849915
    27.683390
    35.513077
    36.167931
    28.629416
    14.227346
     7.138200
    -1.114524
     9.329428
    21.578199
    29.271749
    36.265408
    38.810417
    31.982672
    27.429138
    15.023951
    11.387523
    -0.343149
     4.253063
    20.021812
    36.536076
    39.961269
    38.090656
    31.961658
    25.380213
    18.925640
     9.805437
     3.636534
     0.105449
    15.294634
    37.001873
    42.583733
    44.532394
    32.210522
    22.050674
    12.240464
     6.895303
     6.391378
    -1.134027
    -0.198839
    11.372061
    14.003515
    12.422117
    12.636846
    10.519472
     5.723097
    -3.555488
     6.007178
     1.882514
    -3.617880
    -1.555103
    -0.688356
     4.846459
     0.775073
    -0.168335
    -4.920119
    -5.621702
     6.004385
     1.236609
    -3.240330
    -6.096952
    -5.725373
    -6.528653
    -8.451185
    -6.599452
    -4.996441
    -3.665792
     4.696294
     3.029270
     0.420838
     1.617947
     0.810472
    -0.684682
    -3.393345
    -3.377605
    -2.448281
    -0.580921
     3.246446
     0.303088
     0.767926
    -0.976832
    -1.298798
    -1.611399
    -1.108433
    -0.106878
    -2.304883
    -2.280197
     5.420763
     2.549170
    -0.393630
    -2.250457
    -4.255832
    -4.505236
    -4.400739
    -3.686621
     0.597938
     1.056392
     7.622117
     5.504760
     3.324566
     2.597930
     1.652685
     1.072230
     0.214882
     2.687679
     5.520473
     4.230322
    10.971205
     9.308897
     6.630750
     5.540887
     5.324803
     5.233989
     5.605723
     8.166874
     8.583216
     7.815232
    39.024914
    34.741314
    27.952660
    22.516659
    18.163052
    15.464963
    13.350141
    12.842088
    10.721833
    13.141788
    46.040337
    35.746223
    26.536053
    18.690594
    13.638795
    11.273190
     8.927103
     7.318215
     8.223171
    10.083504
    41.073997
    31.480375
    20.100338
    10.095612
     5.775386
     3.346911
     2.342262
     3.130347
     5.644160
     7.171315
    31.334944
    26.632797
    16.135422
     9.336270
     5.851033
     3.391669
     3.984911
     1.108788
     0.676117
     2.633474
    25.967094
    23.028645
    11.909784
     5.604406
     2.022289
     0.620762
    -0.439164
    -0.754031
     2.606448
     1.347302
    18.769703
    21.283060
    10.049889
     3.732360
     1.630006
    -0.865607
    -1.134234
    -1.229128
    -1.170634
     1.239692
    12.545046
     7.624893
     3.798016
     0.265667
    -1.879479
    -2.728406
    -3.550478
    -4.127513
    -2.563209
    -1.629691
    13.015052
     4.947845
     0.657787
    -1.375581
    -3.320487
    -5.058213
    -5.554564
    -4.823831
    -4.133088
    -2.200537
    11.026038
     5.928605
     0.378467
    -3.535023
    -5.235826
    -5.706677
    -4.591781
    -6.028669
    -5.387897
    -3.252697
     7.444428
     5.984441
     6.870200
    -1.318601
    -5.531537
    -7.075990
    -6.272136
    -4.505300
    -6.067463
    -3.538693
     6.092122
     6.299203
    16.501301
     0.508131
    -4.555308
    -5.884594
    -5.977735
    -7.363225
    -6.651776
    -4.228280
     5.430675
     8.473121
    14.238232
     4.989291
    -1.489390
    -5.564113
    -6.747708
    -6.931830
    -6.228380
    -4.442470
     4.270480
     5.169741
     7.621446
     5.463372
     2.465673
    -3.641813
    -4.589091
    -4.887504
    -5.512723
    -4.111978
     3.288884
     2.634923
     5.118147
     4.982205
     2.784449
    -2.327549
    -4.000639
    -5.090230
    -4.549425
    -2.249452
     3.215313
     0.618629
     0.357342
     2.497576
     3.342782
    -1.125409
    -3.096233
    -3.060390
    -2.676621
    -0.138322
     5.570841
     2.122572
    -0.019010
    -1.791960
    -1.946158
    -0.480816
    -2.017542
    -0.624607
    -3.300510
    -1.258565
     6.576581
     3.970118
     2.625563
     2.985014
    -0.407773
    -1.844150
    -1.510191
     0.368826
     3.345428
     4.086291
     6.810972
     6.194129
     3.593569
     2.027185
     2.504501
     2.251133
     4.315330
     6.741612
     4.975354
     5.563608
     8.719837
     8.093395
     6.487195
     5.602261
     3.266215
     4.530118
     5.017844
    10.860817
    10.975014
     7.295748
     9.870329
     8.095327
     7.312191
     7.950105
     8.349961
     7.344916
     6.971808
     8.900566
    12.705564
    12.155637
    46.159286
    46.275745
    36.922791
    28.535343
    23.240566
    20.017242
    17.396757
    16.059952
    15.358304
    14.462516
    59.358093
    52.532429
    36.027279
    24.928505
    18.832792
    14.744761
    12.119188
     9.812212
    10.964222
    12.651836
    65.586288
    56.270622
    30.893061
    22.038307
    14.431112
    10.365333
     9.577837
    10.896728
     9.437140
     8.409250
    48.265232
    47.347557
    25.470028
    16.059546
    10.825026
     7.806067
     6.514001
     9.954575
     5.345902
     9.150023
    40.161293
    38.259533
    17.263485
     8.911690
     4.839411
     2.829355
     2.123348
     2.268681
     3.802685
     6.248288
    23.781012
    18.570921
    10.363066
     4.763540
     2.385634
     0.918673
     0.286857
     0.003281
     1.097983
     3.742421
    14.012188
     9.243258
     6.247466
     4.256289
     2.481694
     2.144198
     1.684537
    -0.825591
    -0.675631
     1.159970
     9.499583
     7.385518
     4.784062
     3.744129
     3.216904
     1.355741
     0.812517
     0.389610
     0.225131
    -0.179372
     8.478767
     6.466230
     6.212081
     4.893353
     4.298246
     0.436002
    -1.080039
    -0.909389
    -0.498972
    -0.305765
     8.647253
     9.903610
    11.922434
    10.564678
     6.001250
     0.916733
    -1.044352
    -1.255353
    -0.563049
    -0.975324
     9.983512
    12.882675
    23.178894
    16.045795
     6.993001
     2.283833
    -0.055246
    -0.420435
    -1.041706
    -0.882501
     8.916921
     9.457067
    12.809604
     6.643632
     3.033295
     0.578190
     0.113050
    -0.714856
    -0.820056
     0.486394
     7.740060
     7.465868
     5.461429
     2.904034
     1.267679
    -0.438618
    -1.190557
    -1.258588
     0.756697
     2.703693
     6.759244
     6.491691
     4.125507
     3.373612
     1.013631
    -1.012549
    -1.565711
     1.177697
     2.939204
     3.133018
     5.873106
     5.876232
     6.399697
     7.061063
     3.525409
     2.573890
     4.234763
     8.295109
     3.285580
     5.268066
     6.637891
     4.917952
     3.917653
     5.216772
     4.470538
     3.399985
     2.641952
     4.801433
     8.836042
     5.342699
     7.007512
     4.778096
     6.035223
     7.974404
     9.336412
     8.134159
     9.429607
     5.898483
     6.527159
     8.091536
     9.304211
     8.555368
     9.515577
     7.833125
     8.760094
     8.000376
    10.234569
    12.714160
     8.188107
     7.506456
    10.107847
     8.087234
     6.910666
     7.887972
     8.281342
     7.203173
     6.317262
    14.142130
    10.853456
    11.913329
    12.376748
    11.011442
    10.342719
     9.765845
    10.407633
    10.741070
    12.323594
    16.341694
    15.338141
    19.401966
    42.274181
    40.196136
    35.996811
    30.881050
    26.154154
    22.611233
    19.105543
    17.852825
    17.012537
    17.266336
    58.980610
    63.449310
    43.266094
    30.998310
    25.182346
    21.952330
    19.814503
    15.980683
    15.556749
    14.937685
    65.402344
    67.955803
    44.680923
    30.808420
    21.980843
    18.039455
    17.756006
    14.201102
    14.128419
    14.018057
    58.095654
    59.319416
    38.442898
    25.984056
    17.790771
    15.555223
    15.795006
     8.199760
    10.035625
    11.329983
    44.823040
    33.388355
    25.186569
    18.701229
    14.662284
    11.733741
    11.878981
    10.857473
     9.423711
     9.498496
    25.550299
    23.733551
    18.477486
    14.635153
    11.138981
     9.655391
     6.835416
     6.204660
     8.414450
     9.081605
    20.683952
    18.154291
    12.550795
     8.405092
     6.483437
     6.095992
     5.940015
     6.055758
     5.346486
     7.417242
    16.936558
    12.777369
     8.222604
     6.202830
     4.751493
     3.875558
     3.450548
     3.194590
     5.212875
     6.646304
    11.252656
     8.800409
     7.366934
     5.717142
     4.854382
     4.438144
     3.853460
     3.200514
     3.458857
     5.660757
    10.357250
     9.024087
    10.172125
     9.585834
     7.054072
     5.181067
     4.138260
     4.215818
     3.078903
     4.692634
     9.382071
     9.164448
    14.036478
    11.384940
     7.222116
     5.440697
     4.561489
     4.143018
     3.484989
     5.211513
     8.734519
     7.401953
     7.427472
     8.511553
     6.921453
     5.473979
     4.602996
     3.765183
     3.793233
     6.866776
     8.271457
     5.994953
     4.595214
     5.352226
     5.238599
     4.694929
     3.888903
     4.017980
     6.554420
     7.039785
     8.758116
     6.489923
     4.820063
     4.156119
     3.812511
     4.010709
     5.438127
     7.325892
     6.613770
     4.616402
     8.896405
     6.840559
     6.360230
     6.153083
     6.726098
     6.870103
     5.086833
     3.256128
     4.690800
     7.456637
    11.111003
     7.283267
     5.595431
     5.480547
     8.978014
     4.183689
     5.230515
     8.320070
     7.102586
     7.584409
    10.864442
    10.499571
    11.914168
    13.767777
    14.239615
     8.734296
     8.551778
     6.725394
     7.756390
    11.420007
    11.825233
    10.775692
    10.094571
    12.614585
    14.041990
     8.204015
     8.411857
    13.502601
    11.908917
    12.591980
    12.856785
    11.987911
    11.538629
    12.536455
    12.083802
    12.124588
    12.333065
    13.686812
    18.023830
    19.071339
    16.572557
    14.490424
    14.474283
    17.353941
    21.690325
    19.379667
    16.485006
    22.671902
    21.907598
    18.378366
 