    9.188789
     0.074046
    53.261818
     1.779310
     1.384252
     1.261907
     1.269527
     1.368053
     1.564405
     1.893213
     2.408919
     3.185138
     4.355000
     1.297560
     0.863857
     0.733245
     0.723284
     0.782794
     0.923427
     1.197528
     1.691517
     2.522866
     3.873325
     1.130084
     0.712318
     0.596631
     0.591072
     0.636458
     0.750315
     1.002257
     1.498304
     2.375034
     3.820236
     1.109954
     0.712921
     0.623010
     0.638721
     0.687376
     0.797379
     1.057642
     1.584983
     2.514203
     4.023012
     1.199199
     0.826101
     0.776107
     0.830350
     0.899947
     1.022218
     1.307492
     1.879024
     2.860520
     4.411674
     1.425861
     1.116182
     1.158690
     1.291426
     1.393896
     1.515391
     1.802189
     2.393037
     3.399103
     4.960169
     1.856533
     1.742179
     2.049470
     2.372721
     2.475960
     2.475924
     2.645444
     3.168357
     4.136512
     5.656829
     2.520814
     2.847622
     3.818065
     4.625987
     4.570201
     4.104071
     3.908532
     4.220625
     5.064466
     6.485034
     3.281687
     4.239572
     6.398783
     8.361189
     7.784962
     6.309450
     5.499112
     5.484962
     6.138112
     7.410367
     3.850769
     5.233925
     8.341596
    11.823095
    10.872272
     8.450968
     7.120020
     6.816234
     7.274913
     8.378109
     4.065895
     5.412399
     8.287403
    11.583442
    11.647310
     9.747499
     8.457125
     8.053268
     8.374839
     9.316749
     4.041431
     5.183156
     7.484414
     9.979456
    10.965094
    10.333494
     9.461108
     9.094625
     9.332720
    10.138361
     3.954424
     5.088845
     7.547398
    10.594033
    12.121272
    11.401391
    10.340735
     9.871344
    10.031889
    10.741169
     3.810302
     5.084451
     8.470914
    15.593823
    19.145887
    13.378486
    10.966807
    10.245284
    10.369571
    11.059354
     3.489196
     4.607934
     7.878602
    15.696985
    20.012253
    12.868858
    10.604472
    10.098895
    10.372592
    11.146131
     3.007280
     3.614280
     5.470789
     8.171827
     9.800934
     9.623282
     9.399340
     9.645323
    10.249746
    11.171841
     2.561675
     2.701026
     3.634519
     5.023472
     6.378582
     7.457143
     8.398943
     9.323939
    10.270645
    11.327308
     2.328298
     2.200232
     2.720992
     3.709546
     5.018670
     6.507431
     8.009839
     9.374594
    10.586421
    11.715192
     2.413763
     2.187983
     2.554367
     3.400563
     4.694157
     6.350786
     8.119626
     9.721160
    11.115417
    12.244061
     2.973641
     2.810721
     3.157796
     3.943586
     5.170856
     6.786984
     8.546360
    10.148219
    11.556584
    12.561194
     1.276978
     0.863697
     0.755308
     0.780025
     0.899445
     1.139692
     1.561982
     2.238185
     3.240837
     4.698008
     0.779039
     0.359406
     0.267425
     0.280299
     0.336457
     0.479079
     0.811882
     1.458598
     2.544005
     4.242490
     0.633722
     0.264373
     0.240664
     0.307655
     0.321056
     0.383300
     0.671847
     1.329774
     2.491735
     4.318968
     0.631427
     0.315679
     0.407558
     0.596105
     0.566878
     0.544555
     0.824647
     1.540079
     2.791113
     4.703391
     0.730139
     0.462689
     0.659587
     0.944895
     0.933694
     0.895073
     1.204394
     1.999740
     3.339077
     5.304494
     0.976299
     0.793438
     1.109914
     1.476603
     1.541013
     1.541174
     1.877638
     2.726184
     4.118871
     6.091481
     1.485446
     1.590524
     2.306120
     2.930580
     2.978816
     2.808007
     2.994847
     3.776986
     5.140471
     7.054377
     2.333822
     3.190765
     5.258032
     6.966440
     6.329864
     5.101848
     4.682483
     5.182261
     6.403293
     8.180410
     3.312480
     5.279504
    10.477457
    18.869305
    12.647532
     8.361856
     6.841624
     6.879786
     7.866317
     9.440287
     3.949638
     6.459215
    13.123514
    26.492149
    18.580997
    11.614046
     9.116627
     8.715197
     9.452044
    10.783124
     4.046784
     6.250494
    11.599598
    22.993797
    21.637114
    13.914229
    11.129180
    10.515321
    11.060823
    12.137291
     3.836441
     5.533471
     9.225782
    14.199677
    16.413067
    14.435798
    12.630284
    12.115618
    12.552667
    13.381742
     3.585063
     5.083020
     8.439692
    12.899591
    15.669883
    15.068699
    13.728319
    13.279243
    13.650081
    14.290089
     3.318640
     4.857925
     8.954527
    17.266340
    23.441620
    17.024839
    14.268082
    13.645296
    14.008699
    14.626256
     2.900754
     4.211555
     8.033817
    16.168167
    21.293919
    15.704130
    13.496378
    13.214152
    13.768991
    14.529116
     2.333806
     3.053715
     5.336314
     8.730591
    11.157095
    11.655418
    11.930086
    12.580632
    13.494116
    14.432599
     1.820032
     1.992594
     3.196658
     5.100253
     7.179286
     9.141706
    10.936495
    12.415496
    13.684847
    14.749474
     1.548299
     1.397864
     2.078093
     3.469266
     5.522586
     8.174493
    10.927099
    12.979548
    14.629783
    15.799681
     1.638674
     1.363089
     1.834031
     3.020881
     5.069287
     8.138410
    11.618749
    13.971536
    16.248035
    17.711922
     2.291806
     2.082143
     2.519395
     3.598259
     5.495675
     8.498835
    12.235550
    14.397341
    17.379263
    19.577648
     1.078901
     0.700734
     0.626533
     0.695014
     0.891839
     1.288359
     1.989000
     3.051552
     4.452403
     6.186264
     0.606956
     0.248320
     0.221528
     0.304424
     0.399988
     0.656359
     1.288056
     2.409068
     4.006750
     6.059535
     0.488861
     0.227950
     0.471675
     1.017151
     0.780513
     0.718250
     1.288106
     2.494766
     4.262547
     6.491676
     0.517751
     0.401898
     1.208206
     3.175964
     1.889595
     1.195022
     1.680934
     2.994309
     4.920105
     7.250432
     0.660416
     0.695049
     1.882590
     4.032323
     2.826942
     1.912150
     2.373437
     3.801634
     5.868083
     8.244616
     0.972665
     1.162354
     2.403690
     3.949715
     3.438347
     2.859489
     3.388472
     4.912228
     7.082423
     9.447673
     1.587435
     2.129735
     3.600440
     4.844892
     4.760807
     4.386653
     4.854730
     6.364954
     8.570064
    10.854012
     2.596502
     4.080356
     7.234655
     9.704264
     8.544493
     7.020818
     6.902247
     8.184336
    10.331446
    12.460187
     3.728047
     6.579475
    13.907891
    23.720669
    15.148289
    10.598013
     9.441249
    10.320674
    12.341614
    14.252129
     4.376876
     7.613657
    14.885949
    22.689463
    18.877359
    14.144995
    12.209362
    12.678410
    14.562464
    16.209799
     4.364899
     7.037618
    12.527926
    20.865171
    25.697039
    18.151735
    15.115788
    15.203998
    16.970625
    18.305574
     4.029720
     6.126159
    10.529048
    17.619755
    26.028316
    21.135538
    17.899000
    17.861275
    19.541979
    20.457060
     3.662832
     5.473745
     9.402281
    15.093564
    20.463818
    21.402180
    19.983294
    20.175892
    21.871313
    22.256403
     3.301964
     5.046601
     9.243780
    16.507114
    25.431040
    22.130543
    20.138968
    20.366537
    22.047310
    22.471684
     2.826043
     4.335099
     8.259018
    15.359623
    22.029596
    19.695889
    18.487644
    19.053423
    20.805696
    21.627674
     2.215375
     3.180508
     5.914478
    10.046183
    13.512225
    15.323228
    16.844408
    18.218338
    20.014637
    20.976999
     1.640800
     2.023463
     3.655127
     6.244704
     9.303469
    12.878115
    16.674015
    18.563059
    20.284136
    21.288612
     1.305875
     1.288750
     2.251545
     4.166833
     7.191648
    11.977063
    18.484331
    20.029247
    22.186674
    23.765682
     1.354238
     1.156217
     1.805015
     3.381232
     6.291271
    11.688836
    21.401405
    21.409435
    25.524128
    30.466133
     1.997959
     1.836026
     2.397691
     3.760471
     6.299671
    11.190484
    21.161596
    20.510738
    26.098434
    33.858292
     0.994021
     0.651241
     0.615178
     0.754875
     1.110330
     1.839583
     3.117168
     4.967566
     7.133426
     9.213945
     0.540196
     0.221014
     0.233394
     0.395938
     0.631067
     1.252161
     2.599592
     4.754338
     7.387056
     9.899469
     0.435501
     0.224883
     0.564612
     1.474596
     1.176789
     1.457729
     2.840673
     5.271227
     8.299492
    11.064639
     0.484059
     0.461343
     1.518476
     4.086521
     2.660893
     2.216989
     3.551737
     6.221118
     9.605829
    12.520967
     0.674547
     0.921601
     2.829318
     7.393557
     4.556944
     3.370913
     4.623394
     7.495428
    11.225797
    14.230630
     1.076297
     1.664730
     4.316392
     9.695757
     6.298347
     4.806767
     6.025297
     9.059639
    13.144323
    16.204288
     1.792590
     2.825192
     5.536645
     8.519926
     7.351317
     6.596381
     7.794779
    10.906376
    15.364466
    18.476280
     2.870764
     4.763642
     8.497119
    11.228739
    10.165584
     9.138005
     9.998898
    13.018353
    17.877766
    21.093739
     4.049422
     7.266046
    15.399921
    22.351011
    15.118081
    12.363132
    12.581244
    15.346622
    20.655533
    24.131550
     4.728189
     8.325411
    16.530132
    21.867189
    17.840277
    15.575498
    15.436268
    17.868404
    23.661564
    27.762264
     4.702252
     7.584905
    12.716698
    17.817774
    20.375553
    19.395552
    18.791967
    20.733356
    26.869207
    32.161289
     4.333126
     6.620051
    10.930614
    16.974142
    25.327211
    25.265051
    23.155651
    24.520290
    30.381435
    35.383057
     3.927787
     5.948519
    10.046445
    16.083956
    24.606686
    31.231470
    29.429325
    31.314075
    36.452698
    37.072548
     3.536390
     5.501570
     9.813470
    16.667679
    25.111099
    28.396770
    28.693615
    29.779264
    34.223457
    35.840515
     3.051200
     4.884771
     9.264053
    16.617691
    25.634539
    24.555281
    24.897354
    25.735683
    30.286589
    35.206364
     2.414090
     3.803840
     7.488679
    13.724214
    17.574062
    20.233189
    24.687571
    24.985846
    28.987394
    34.226856
     1.756349
     2.486359
     4.812509
     8.404784
    12.087217
    17.157001
    26.594931
    25.504927
    28.823771
    33.384007
     1.316753
     1.504296
     2.818711
     5.181697
     8.671656
    14.444743
    24.601341
    24.858360
    30.589506
    36.899864
     1.285515
     1.197938
     2.019697
     3.813889
     6.891746
    12.027534
    19.287523
    22.394697
    29.013222
    34.732159
     1.879369
     1.781790
     2.436693
     3.904951
     6.435059
    10.426138
    15.441846
    18.951946
    23.466532
    25.886501
     0.954288
     0.637976
     0.637792
     0.868438
     1.462129
     2.705423
     4.916099
     8.247026
    12.221571
    14.997408
     0.505793
     0.199662
     0.200526
     0.401061
     0.913774
     2.189616
     4.730387
     8.829407
    13.991206
    17.506315
     0.396751
     0.158995
     0.265971
     0.578059
     1.114380
     2.436555
     5.228513
     9.900509
    16.076778
    20.167400
     0.433943
     0.309200
     0.694932
     1.335266
     1.926078
     3.224633
     6.159667
    11.252819
    18.443161
    23.144480
     0.625502
     0.739522
     1.706635
     2.949766
     3.471611
     4.532140
     7.454804
    12.815489
    21.074692
    26.620075
     1.072766
     1.666615
     3.855720
     6.719974
     6.064481
     6.371318
     9.089408
    14.524856
    23.854820
    30.758820
     1.863860
     3.152611
     7.035916
    12.948244
     9.170412
     8.623982
    11.028028
    16.305639
    26.500229
    35.310982
     2.960272
     5.019494
     9.298818
    13.020842
    11.573887
    11.189405
    13.234280
    18.082413
    28.503086
    38.003448
     4.123777
     7.112067
    12.611400
    16.006100
    14.676752
    14.095580
    15.679701
    19.825159
    29.398050
    38.096176
     4.904830
     8.529674
    16.845984
    21.935696
    17.833019
    17.146709
    18.417637
    21.656443
    29.317316
    36.034996
     5.024487
     8.259513
    14.248190
    19.059437
    19.486267
    20.348877
    21.831181
    23.979155
    29.005127
    32.685783
     4.716571
     7.304235
    11.755710
    16.586491
    20.692751
    24.118450
    26.814707
    27.570738
    29.308062
    29.945133
     4.319178
     6.609848
    10.802752
    16.140331
    21.933638
    27.885416
    34.420185
    33.493252
    30.738445
    28.424376
     3.924697
     6.214136
    10.812487
    17.210342
    23.767385
    28.404575
    34.095879
    31.854168
    29.355282
    27.200024
     3.431070
     5.712720
    10.953175
    19.645111
    28.381462
    27.592247
    32.029266
    28.358347
    26.924013
    26.476084
     2.748519
     4.643808
     9.580243
    19.480057
    21.882910
    22.911236
    28.802851
    25.965616
    25.898436
    26.643696
     1.988516
     3.109246
     6.246258
    11.022383
    14.144813
    17.370266
    22.068954
    23.104551
    25.778347
    27.863775
     1.426842
     1.833238
     3.492104
     6.107925
     9.213678
    13.002048
    17.255484
    20.798569
    26.969067
    31.739193
     1.302278
     1.324215
     2.286155
     4.125344
     6.803119
    10.284014
    14.262036
    18.810995
    27.307411
    34.751488
     1.834261
     1.795535
     2.512527
     3.971599
     6.192198
     9.091132
    12.451898
    16.557377
    23.453279
    28.661879
     0.934466
     0.637415
     0.669442
     0.992291
     1.836069
     3.627490
     6.918124
    12.487282
    21.874550
    29.049330
     0.486083
     0.188016
     0.191189
     0.439771
     1.249204
     3.212843
     7.069245
    13.826696
    25.751698
    35.529530
     0.369287
     0.114813
     0.163478
     0.459794
     1.340785
     3.500872
     7.706815
    14.960162
    28.095949
    39.117191
     0.384091
     0.184674
     0.336497
     0.815395
     1.916523
     4.282310
     8.689719
    16.064812
    29.253832
    40.330143
     0.534414
     0.475044
     0.947414
     1.797355
     3.117526
     5.584632
    10.036919
    17.245407
    29.286068
    39.060360
     0.935282
     1.259633
     2.506906
     4.021492
     5.278600
     7.510934
    11.780190
    18.517515
    28.618559
    35.597557
     1.712565
     2.794795
     5.697405
     8.700458
     8.640332
    10.067000
    13.912889
    19.848385
    27.659849
    31.956951
     2.826393
     4.882873
    10.105457
    16.128315
    12.457248
    13.044488
    16.368301
    21.165815
    26.597860
    29.028040
     4.015951
     6.931870
    12.568178
    16.774273
    15.555548
    16.243534
    19.086084
    22.416830
    25.555214
    26.635960
     4.915988
     8.525308
    15.583551
    20.700037
    18.866077
    19.687328
    22.219175
    23.777164
    24.754269
    24.756681
     5.251564
     8.943733
    17.051258
    24.472952
    21.310686
    23.322659
    26.737293
    25.898527
    24.445198
    23.383289
     5.107009
     8.270348
    13.957803
    19.202518
    21.601383
    26.401804
    34.957603
    28.906847
    24.451078
    22.378340
     4.767840
     7.577601
    12.478953
    17.622204
    21.612095
    26.725555
    35.177551
    29.179350
    23.953587
    21.448647
     4.347748
     7.119182
    12.591123
    19.207539
    22.913092
    25.682598
    28.910412
    26.005070
    22.399889
    20.340549
     3.778996
     6.459783
    12.606492
    22.844288
    28.207392
    25.582060
    25.268085
    22.896927
    20.512928
    19.249928
     3.014762
     5.224765
    10.614017
    19.290621
    23.146786
    21.777582
    20.995636
    19.899433
    18.969469
    18.524141
     2.173760
     3.564152
     7.279263
    13.256930
    15.121178
    16.105518
    16.916264
    17.405893
    18.025656
    18.406590
     1.527993
     2.111403
     4.061251
     6.904814
     9.640068
    11.953104
    13.870529
    15.723903
    17.984329
    19.252716
     1.331796
     1.454050
     2.565511
     4.529215
     7.074471
     9.726198
    12.064079
    14.745070
    18.920816
    21.506634
     1.808516
     1.826893
     2.627015
     4.183039
     6.441482
     8.994186
    11.188438
    13.896054
    19.599773
    25.054632
     0.923217
     0.636938
     0.688930
     1.069481
     2.064462
     4.182154
     8.113713
    15.030400
    27.839787
    38.372795
     0.475883
     0.183853
     0.196834
     0.499469
     1.489825
     3.865384
     8.467177
    16.438900
    29.069637
    37.129040
     0.354724
     0.098853
     0.124365
     0.462071
     1.579763
     4.239728
     9.233026
    17.283083
    28.161600
    34.173695
     0.352377
     0.129650
     0.229357
     0.718771
     2.103781
     5.102475
    10.400106
    18.355331
    27.741987
    32.124481
     0.454483
     0.300429
     0.590914
     1.394067
     3.129441
     6.463979
    12.041842
    19.953531
    27.997135
    30.535473
     0.757415
     0.829967
     1.577207
     2.861460
     4.889608
     8.426053
    14.239640
    22.139790
    28.401707
    28.808371
     1.412746
     2.047923
     3.746289
     5.703567
     7.665247
    11.097438
    17.117157
    24.892130
    28.239006
    26.777126
     2.464610
     4.093616
     7.723392
    10.872269
    11.545354
    14.471631
    20.807730
    27.819153
    27.080864
    24.607613
     3.687514
     6.511462
    13.390275
    18.637823
    15.836403
    18.361813
    25.460844
    29.596151
    25.227901
    22.561563
     4.663415
     8.243019
    16.398546
    22.116449
    19.316570
    22.608431
    31.270071
    29.148800
    23.431719
    20.852734
     5.149574
     8.818283
    16.113415
    22.178890
    21.645256
    26.801542
    38.140789
    28.725679
    22.192999
    19.535549
     5.242339
     8.853732
    16.568127
    24.104656
    22.687363
    27.177954
    34.981331
    27.125807
    21.048000
    18.421469
     5.051650
     8.515631
    15.441507
    22.205626
    22.397493
    24.540771
    26.455128
    23.372829
    19.408756
    17.268513
     4.593110
     7.789251
    14.680506
    23.813816
    22.379873
    22.596973
    22.312138
    20.155209
    17.539864
    16.039822
     3.901615
     6.658650
    12.487066
    20.291935
    24.709948
    22.562191
    20.062634
    17.773506
    15.811330
    14.870868
     3.063018
     5.268844
    10.381090
    18.483524
    26.490543
    21.920578
    17.994759
    15.756184
    14.345716
    13.907476
     2.204140
     3.656151
     7.465110
    13.540827
    16.790958
    16.959764
    15.333979
    13.926282
    13.206395
    13.258532
     1.546699
     2.224672
     4.385026
     7.673257
    11.000587
    13.038984
    13.083508
    12.515118
    12.506925
    13.008942
     1.325698
     1.526480
     2.817168
     5.177236
     8.522081
    11.935694
    12.211793
    11.698313
    12.260605
    13.116964
     1.764347
     1.829228
     2.737032
     4.583970
     7.817063
    13.627508
    12.217215
    11.232935
    12.145926
    13.129975
     0.915067
     0.628462
     0.677121
     1.048404
     2.020604
     4.077514
     7.840564
    14.323009
    27.102871
    38.231022
     0.472263
     0.180253
     0.190791
     0.489470
     1.475655
     3.831913
     8.338499
    16.066713
    29.807095
    41.336727
     0.350739
     0.092973
     0.116498
     0.452380
     1.603083
     4.350277
     9.478735
    17.808363
    30.543303
    39.340599
     0.339163
     0.104357
     0.182738
     0.670650
     2.144077
     5.396565
    11.203066
    20.355637
    33.476837
    37.771477
     0.407660
     0.204942
     0.411969
     1.184657
     3.086258
     6.874653
    13.378903
    23.722128
    38.590664
    34.660854
     0.621765
     0.537667
     1.037550
     2.221488
     4.544799
     8.764806
    15.917332
    28.306602
    40.836166
    30.480759
     1.118241
     1.380036
     2.454793
     4.141979
     6.713435
    11.141767
    18.970129
    34.424950
    36.119816
    26.468887
     1.995771
     3.000545
     5.174920
     7.441755
     9.778726
    14.062383
    22.653250
    36.497185
    29.180265
    23.044094
     3.117468
     5.266345
     9.847669
    13.032743
    13.625057
    17.346361
    26.458889
    33.326004
    24.308674
    20.302559
     4.067641
     7.034743
    14.238870
    18.473614
    16.868488
    20.487988
    28.540411
    27.303267
    21.088818
    18.228510
     4.608872
     7.575656
    12.684672
    16.697689
    18.634846
    23.150448
    29.349819
    24.250097
    19.100048
    16.705254
     4.902508
     8.181621
    14.623825
    20.523731
    20.670376
    25.031605
    30.263634
    22.533415
    17.637531
    15.479473
     4.917106
     8.505860
    16.887302
    25.717264
    21.942108
    24.274570
    26.425051
    20.114315
    16.105785
    14.313360
     4.489437
     7.641297
    13.742263
    19.524916
    20.704819
    21.940477
    21.322483
    17.573925
    14.507555
    13.144584
     3.737373
     6.257274
    11.122876
    16.765156
    20.487743
    21.152000
    19.033934
    15.611577
    13.030531
    12.026402
     2.880084
     4.874650
     9.546198
    17.136629
    24.806885
    22.929556
    17.949991
    14.090463
    11.723906
    11.015829
     2.059384
     3.396235
     6.938563
    12.915908
    21.931965
    22.066095
    16.552402
    12.636678
    10.548850
    10.153711
     1.453853
     2.124241
     4.393437
     8.425589
    13.965281
    18.081944
    14.980573
    11.209722
     9.535851
     9.489763
     1.252576
     1.474552
     2.877076
     5.667363
    10.378814
    18.707386
    14.130962
     9.985646
     8.809763
     9.087176
     1.673248
     1.738937
     2.667604
     4.615341
     8.129985
    13.994737
    11.696020
     9.125022
     8.603204
     9.055849
     0.909290
     0.611596
     0.634210
     0.932853
     1.720999
     3.372616
     6.278949
    10.745436
    16.539913
    20.132095
     0.475256
     0.174962
     0.168165
     0.403287
     1.200792
     3.125848
     6.734262
    12.461213
    20.222137
    24.922928
     0.358070
     0.090360
     0.096943
     0.373470
     1.355257
     3.747288
     8.211482
    15.310128
    25.259008
    30.676893
     0.346950
     0.095949
     0.146185
     0.570455
     1.914911
     4.963984
    10.512327
    19.619801
    34.934689
    38.024811
     0.404113
     0.166639
     0.315423
     0.997792
     2.809465
     6.533854
    13.030882
    23.425823
    37.047924
    34.076378
     0.575973
     0.398193
     0.752732
     1.791728
     4.041729
     8.199817
    14.951966
    24.326534
    31.191689
    28.060408
     0.968210
     1.006686
     1.746839
     3.186156
     5.689095
     9.875046
    16.151686
    23.380562
    26.065037
    23.505398
     1.669520
     2.220842
     3.677482
     5.517529
     7.895825
    11.643929
    16.934519
    21.665560
    21.987286
    20.049057
     2.593527
     4.034830
     7.150824
     9.491195
    10.692424
    13.491884
    17.429018
    19.795630
    18.948460
    17.472317
     3.404955
     5.575993
    11.177095
    14.304049
    13.170918
    15.163601
    17.731052
    18.271694
    16.828476
    15.593859
     3.902769
     6.066812
     9.783964
    12.803961
    14.542501
    16.729940
    18.330158
    17.453753
    15.454911
    14.229472
     4.266264
     6.763524
    11.099230
    14.872789
    16.646137
    18.923222
    20.030012
    17.308208
    14.524836
    13.162868
     4.440688
     7.550368
    14.528118
    21.891531
    19.386189
    21.955891
    23.405617
    17.194241
    13.659199
    12.193740
     4.131297
     7.063538
    13.072889
    18.923168
    19.525026
    24.052477
    24.310537
    16.388599
    12.647208
    11.211757
     3.399649
     5.684811
    10.284073
    15.695620
    18.756189
    23.936287
    22.264698
    15.109400
    11.513839
    10.201775
     2.546272
     4.248527
     8.349585
    14.621150
    19.428806
    24.874107
    20.643711
    13.826396
    10.321653
     9.183046
     1.780773
     2.869100
     5.937069
    11.469934
    21.702053
    27.958698
    19.303370
    12.344807
     9.034392
     8.188076
     1.258322
     1.795893
     3.912218
     8.265251
    16.747808
    25.143238
    16.539091
    10.303152
     7.691319
     7.307326
     1.107706
     1.253766
     2.535147
     5.227855
     9.494943
    13.540416
    11.373018
     8.085023
     6.609365
     6.732289
     1.527942
     1.523542
     2.295162
     3.882228
     6.167966
     8.117043
     7.943614
     6.837725
     6.344511
     6.766705
     0.909356
     0.591159
     0.576128
     0.774201
     1.308462
     2.420942
     4.313376
     6.949757
     9.846786
    12.138255
     0.489850
     0.172100
     0.139563
     0.284236
     0.802898
     2.088695
     4.464550
     7.885442
    11.626427
    14.312265
     0.386454
     0.096039
     0.075791
     0.256998
     0.940092
     2.662096
     5.840831
    10.411829
    15.207804
    17.758999
     0.393074
     0.109702
     0.122709
     0.433804
     1.476135
     3.915909
     8.331717
    14.989154
    22.274462
    23.001226
     0.476886
     0.193578
     0.284999
     0.829049
     2.361195
     5.633897
    11.491738
    21.485891
    35.569790
    27.597422
     0.684531
     0.443070
     0.707377
     1.560567
     3.548983
     7.408671
    13.962820
    24.373529
    33.232170
    25.244349
     1.107854
     1.079476
     1.637218
     2.788627
     4.999770
     8.878196
    14.671290
    21.127186
    23.458300
    21.007540
     1.755645
     2.171354
     3.268927
     4.680731
     6.749943
    10.091711
    14.457305
    18.066696
    18.850182
    17.736259
     2.488549
     3.591786
     5.922303
     7.666306
     8.845772
    11.285899
    14.350583
    16.307041
    16.254091
    15.457523
     3.071473
     4.731769
     9.161667
    11.434036
    10.734125
    12.446822
    14.548805
    15.392502
    14.687295
    13.866913
     3.419584
     5.050611
     7.950787
    10.347931
    11.848353
    13.607447
    15.056233
    14.998079
    13.685039
    12.702375
     3.727943
     5.646607
     8.938106
    11.934810
    13.680030
    15.178487
    15.972583
    14.962262
    12.984880
    11.768435
     3.951215
     6.583140
    12.229195
    18.075666
    16.701279
    17.207796
    17.270790
    15.070208
    12.365100
    10.911073
     3.731817
     6.484941
    12.752448
    19.728424
    17.917763
    18.921850
    18.584599
    14.991919
    11.635294
    10.018866
     3.015512
     5.100704
     9.657940
    15.045134
    16.752178
    19.704536
    19.162331
    14.505335
    10.687869
     9.032772
     2.149856
     3.493086
     6.746893
    11.273572
    15.799942
    20.801680
    19.751106
    13.624577
     9.450559
     7.935587
     1.436047
     2.173213
     4.496411
     8.716697
    15.706496
    25.253450
    19.974352
    11.749887
     7.853171
     6.777554
     1.006848
     1.297351
     2.880835
     6.300340
    13.059572
    21.559059
    14.341386
     8.686725
     6.119645
     5.734440
     0.922549
     0.909573
     1.811387
     3.795679
     6.760538
     8.860888
     7.846737
     5.895743
     4.831666
     5.093247
     1.353610
     1.230166
     1.724939
     2.778261
     4.149896
     5.150500
     5.219478
     4.790030
     4.630137
     5.203881
     0.916186
     0.568744
     0.523278
     0.631293
     0.940731
     1.587691
     2.694952
     4.246433
     6.056061
     7.954543
     0.527807
     0.178526
     0.120300
     0.184799
     0.454039
     1.155175
     2.495582
     4.435547
     6.649410
     8.838061
     0.476091
     0.144483
     0.074046
     0.157053
     0.536436
     1.547688
     3.446313
     6.067895
     8.742250
    10.861662
     0.539660
     0.196338
     0.145802
     0.319063
     0.990420
     2.631215
     5.553104
     9.433522
    12.742912
    14.047303
     0.739892
     0.398063
     0.397693
     0.744198
     1.866500
     4.403649
     8.931818
    15.454256
    19.901026
    17.996067
     1.139845
     0.887632
     1.058783
     1.618866
     3.188022
     6.631644
    13.153717
    26.218811
    30.927269
    20.408852
     1.811920
     2.039452
     2.527528
     3.116411
     4.843165
     8.738457
    16.102436
    29.234112
    27.005781
    19.193293
     2.603826
     3.710210
     4.793406
     5.155835
     6.654907
    10.319737
    16.465504
    21.932644
    20.210703
    16.724169
     3.119898
     4.701754
     6.760989
     7.496755
     8.497992
    11.599832
    16.544186
    19.471941
    17.241983
    14.767045
     3.323170
     5.012702
     8.550687
     9.973769
    10.064226
    12.784887
    17.060780
    18.649155
    15.696456
    13.362978
     3.395792
     4.917063
     7.434687
     9.463836
    11.130746
    13.948167
    17.793680
    18.222345
    14.623646
    12.260504
     3.544231
     5.288527
     8.195280
    10.843391
    12.754091
    15.334870
    18.662819
    17.889671
    13.717546
    11.292930
     3.688377
     6.107252
    10.986681
    15.654027
    15.466232
    16.903030
    19.548443
    17.507030
    12.826350
    10.351308
     3.441363
     6.100314
    12.589003
    20.694094
    16.938154
    17.908276
    20.221630
    16.929348
    11.817514
     9.349006
     2.672513
     4.551603
     8.664027
    13.134128
    14.781164
    18.285892
    21.147327
    16.078602
    10.536325
     8.212300
     1.772173
     2.747937
     5.148597
     8.430119
    12.513849
    20.057371
    24.904785
    14.253272
     8.749718
     6.911227
     1.107983
     1.486010
     3.005460
     5.767440
    10.204459
    17.320307
    17.244631
    10.161224
     6.521774
     5.562350
     0.770582
     0.796106
     1.704428
     3.674116
     6.837042
     9.942686
     9.036533
     6.210376
     4.509648
     4.442885
     0.750909
     0.572488
     1.024524
     2.105614
     3.650251
     4.794792
     4.619719
     3.763874
     3.310845
     3.852569
     1.192202
     0.953892
     1.174081
     1.738977
     2.486045
     3.068136
     3.236090
     3.178886
     3.326690
     4.083010
     0.946562
     0.560663
     0.494247
     0.535902
     0.695725
     1.037029
     1.645185
     2.573031
     3.828876
     5.475758
     0.639913
     0.246867
     0.132981
     0.131390
     0.240384
     0.555350
     1.213552
     2.281323
     3.735730
     5.631025
     0.738576
     0.350847
     0.146672
     0.115520
     0.267581
     0.744278
     1.706222
     3.128102
     4.816022
     6.736524
     0.974999
     0.556151
     0.327910
     0.297464
     0.610477
     1.506392
     3.123081
     5.188061
     7.092494
     8.682123
     1.513181
     1.156648
     0.884518
     0.840739
     1.423500
     3.017493
     5.759458
     8.945587
    10.850779
    11.311731
     2.431413
     2.448241
     2.195903
     2.026209
     2.848420
     5.337078
     9.955386
    15.615325
    16.370438
    13.995701
     3.408374
     4.663083
     5.091873
     4.049603
     4.772114
     8.096005
    15.608804
    28.969660
    21.775143
    15.413044
     4.189058
     8.994318
    11.411759
     6.618126
     6.834002
    10.535780
    20.066574
    33.666180
    21.265980
    15.040983
     4.276198
     8.247851
    12.702504
     8.793573
     8.725988
    12.366788
    22.261051
    31.443371
    19.083143
    13.964991
     4.033877
     6.781664
    10.579240
    10.093373
    10.281816
    13.854815
    24.203876
    30.031256
    17.410480
    12.860929
     3.805214
     5.896669
     8.877908
    10.389944
    11.527911
    15.176211
    26.016279
    28.267292
    15.924163
    11.798020
     3.742635
     5.901992
     9.346563
    11.761947
    13.023476
    16.463905
    27.592983
    25.976484
    14.501540
    10.742124
     3.696990
     6.352012
    11.404523
    15.260695
    15.067476
    17.641018
    28.972322
    23.240965
    13.068091
     9.653913
     3.294750
     6.072999
    13.161969
    20.833820
    15.949731
    18.056263
    29.280708
    20.660616
    11.518663
     8.484159
     2.407330
     4.177110
     7.977313
    11.406593
    12.710672
    17.101700
    28.356087
    17.691025
     9.650539
     7.177376
     1.465602
     2.163872
     3.940775
     6.197633
     8.920378
    13.753814
    19.971800
    12.334722
     7.235550
     5.741626
     0.854407
     0.962099
     1.835557
     3.385168
     5.623898
     8.260811
     9.103679
     6.832789
     4.747331
     4.372648
     0.599014
     0.440534
     0.831557
     1.732670
     3.058824
     4.253654
     4.388343
     3.573543
     2.955642
     3.370066
     0.629515
     0.346546
     0.482358
     0.921181
     1.563772
     2.099690
     2.218361
     2.063350
     2.135063
     2.954967
     1.074063
     0.762111
     0.798577
     1.036587
     1.385689
     1.709011
     1.911160
     2.073797
     2.439697
     3.337821
     1.043961
     0.627611
     0.498548
     0.492006
     0.570625
     0.751963
     1.091308
     1.669651
     2.592807
     4.031596
     0.864018
     0.425806
     0.201644
     0.125038
     0.148668
     0.274753
     0.574139
     1.156216
     2.158898
     3.800949
     1.559009
     1.413686
     0.423449
     0.155677
     0.152895
     0.335683
     0.766203
     1.515476
     2.653252
     4.368212
     2.096344
     1.785327
     0.879652
     0.432563
     0.428375
     0.816046
     1.601006
     2.688581
     3.961569
     5.578486
     3.325877
     3.229588
     2.031014
     1.191532
     1.168286
     1.932257
     3.322625
     4.884215
     6.136589
     7.318091
     5.777171
     8.087730
     4.586162
     2.690432
     2.539504
     3.820060
     6.123110
     8.326798
     9.127058
     9.312535
     5.876416
    10.208176
     8.056026
     4.711675
     4.372576
     6.244709
     9.827776
    12.954364
    12.360785
    10.996042
     5.125498
     8.687085
     9.533021
     6.545050
     6.290258
     8.612451
    13.297510
    16.978600
    14.297226
    11.773466
     4.548129
     7.499874
    10.315873
     8.516840
     8.173547
    10.495397
    15.185846
    17.896263
    14.371218
    11.658340
     4.322276
     7.785558
    14.593739
    11.417556
    10.091836
    11.970081
    16.048079
    17.448984
    13.621746
    11.051580
     4.152064
     7.355361
    14.613640
    13.863945
    11.907084
    13.112515
    16.346958
    16.507769
    12.562613
    10.204037
     3.985812
     7.063293
    14.020361
    16.359819
    13.255515
    13.717301
    16.129511
    15.258777
    11.332086
     9.218273
     3.718062
     6.889374
    14.324689
    19.973906
    14.291362
    13.688933
    15.390537
    13.753785
     9.968675
     8.134729
     3.110392
     6.002163
    13.823150
    21.101810
    13.750666
    12.747767
    14.043310
    11.949856
     8.451498
     6.964633
     2.134259
     3.820057
     7.760021
    10.873139
     9.807699
    10.392207
    11.705091
     9.598619
     6.700672
     5.712478
     1.209814
     1.716773
     3.091163
     4.503732
     5.569633
     6.924412
     7.797743
     6.436787
     4.728960
     4.444154
     0.676871
     0.621890
     1.079247
     1.823910
     2.738700
     3.664383
     4.029792
     3.503322
     2.951483
     3.347473
     0.494696
     0.248545
     0.363410
     0.695032
     1.177799
     1.636990
     1.819867
     1.735188
     1.815045
     2.636350
     0.560365
     0.236085
     0.227061
     0.361329
     0.583871
     0.810827
     0.960679
     1.090101
     1.451328
     2.452903
     1.005657
     0.661575
     0.613622
     0.698832
     0.859333
     1.052206
     1.255325
     1.520377
     2.002193
     2.978899
     1.130535
     0.682539
     0.524478
     0.493128
     0.539570
     0.659385
     0.885041
     1.293757
     2.022653
     3.296175
     1.064725
     0.588884
     0.284823
     0.150341
     0.139025
     0.205176
     0.372374
     0.735478
     1.480917
     2.911482
     2.264715
     2.257040
     0.789909
     0.261818
     0.165680
     0.249538
     0.480695
     0.925046
     1.745849
     3.244178
     3.655863
     4.028154
     1.731093
     0.709425
     0.482548
     0.666559
     1.105878
     1.744716
     2.652845
     4.121141
     5.412201
     5.927457
     3.354879
     1.674555
     1.259156
     1.640909
     2.423122
     3.295564
     4.185015
     5.435580
     8.231800
    11.558296
     6.263305
     3.201819
     2.560569
     3.239920
     4.458951
     5.529923
     6.197851
     6.987840
     6.983312
    11.731093
     8.660979
     4.686818
     4.129599
     5.211715
     6.877492
     8.041822
     8.265718
     8.426078
     4.943938
     6.926810
     6.902942
     5.579144
     5.699375
     7.146842
     9.039307
    10.067393
     9.754663
     9.362726
     3.901381
     5.381802
     6.973919
     7.027899
     7.418375
     8.819391
    10.452845
    11.047547
    10.302057
     9.630908
     3.774772
     6.147625
     9.954409
     9.902497
     9.584549
    10.262990
    11.115698
    11.095987
    10.061053
     9.337934
     3.837806
     6.797715
    12.120771
    13.089872
    12.375119
    11.444867
    11.108451
    10.500941
     9.313522
     8.670403
     3.732461
     6.853034
    12.996607
    15.122311
    13.119507
    11.310991
    10.326518
     9.439789
     8.254396
     7.774305
     3.337872
     6.276489
    12.726130
    16.049801
    11.721265
     9.744431
     8.966616
     8.075153
     7.014056
     6.749808
     2.628573
     4.999534
    10.547216
    14.435826
    10.106498
     8.017791
     7.318253
     6.524613
     5.674822
     5.668723
     1.724441
     3.066982
     6.714359
     9.771460
     6.853051
     5.717417
     5.374171
     4.826058
     4.294437
     4.594221
     0.951299
     1.256140
     2.284328
     3.126609
     3.232229
     3.279154
     3.321942
     3.110917
     2.984456
     3.615802
     0.547158
     0.396930
     0.616728
     0.937004
     1.234310
     1.505919
     1.680543
     1.735503
     1.957038
     2.858686
     0.435814
     0.158312
     0.163037
     0.268332
     0.429042
     0.614933
     0.786510
     0.974032
     1.387743
     2.436355
     0.528994
     0.194895
     0.141455
     0.180816
     0.274436
     0.413187
     0.592839
     0.853574
     1.355850
     2.443015
     0.980128
     0.628361
     0.558271
     0.606094
     0.729666
     0.919240
     1.174001
     1.521462
     2.069472
     3.067375
     1.200952
     0.732437
     0.571995
     0.549772
     0.612255
     0.744912
     0.960356
     1.314993
     1.943237
     3.091790
     1.100832
     0.592839
     0.316830
     0.206502
     0.228300
     0.336653
     0.521897
     0.837086
     1.457583
     2.721836
     2.190593
     1.987613
     0.891892
     0.392855
     0.354508
     0.529783
     0.808116
     1.179384
     1.809882
     3.075836
     4.460840
     6.134583
     2.307632
     1.025845
     0.886379
     1.241316
     1.753767
     2.244446
     2.837348
     3.976861
     5.744298
     7.926385
     4.139126
     2.124137
     1.917516
     2.596873
     3.484711
     4.093495
     4.494460
     5.307834
     7.523034
    10.445845
     6.032015
     3.457815
     3.352540
     4.536711
     5.933241
     6.605491
     6.595651
     6.866232
     6.531800
     9.599447
     6.475068
     4.437421
     4.875268
     6.718637
     8.649324
     9.268580
     8.680408
     8.316957
     4.124438
     4.883243
     4.907204
     4.991260
     6.330486
     8.745017
    10.865427
    11.194722
    10.108797
     9.290404
     3.028948
     3.770943
     5.011950
     6.131720
     7.996227
    10.546271
    12.067480
    11.814984
    10.524439
     9.599808
     2.894852
     4.443729
     7.812692
     8.573431
    10.227443
    12.242986
    12.160353
    11.320160
    10.081560
     9.315123
     3.039816
     5.320579
    10.635961
    11.448227
    12.906420
    13.502639
    11.168520
    10.104592
     9.090991
     8.615182
     2.995116
     5.586990
    12.218721
    13.789152
    11.763609
    10.610317
     9.254031
     8.488270
     7.803968
     7.668676
     2.568845
     4.715827
     9.345091
    11.333830
     9.064224
     7.760282
     7.162169
     6.755125
     6.408460
     6.610450
     1.901752
     3.388203
     7.410647
    10.398531
     6.955826
     5.630849
     5.253463
     5.094481
     5.043405
     5.548985
     1.210773
     1.938787
     4.256599
     6.162792
     4.345000
     3.617747
     3.537018
     3.610646
     3.817840
     4.579087
     0.693901
     0.748488
     1.339057
     1.830989
     1.866769
     1.925766
     2.148792
     2.425054
     2.837801
     3.788630
     0.450891
     0.236493
     0.321949
     0.483027
     0.663475
     0.922152
     1.268110
     1.659449
     2.195691
     3.251529
     0.405892
     0.118053
     0.089959
     0.147704
     0.285185
     0.539666
     0.908109
     1.347580
     1.932805
     3.013905
     0.524055
     0.188673
     0.133007
     0.178877
     0.321614
     0.599328
     1.006763
     1.487156
     2.085994
     3.128866
     0.991091
     0.642557
     0.586077
     0.673191
     0.891526
     1.257077
     1.742392
     2.273554
     2.862955
     3.767114
     1.283889
     0.809636
     0.679596
     0.722110
     0.884903
     1.134621
     1.434331
     1.794042
     2.340823
     3.351700
     1.063425
     0.537708
     0.357128
     0.379620
     0.583788
     0.918008
     1.277653
     1.617190
     2.106199
     3.152814
     1.634693
     1.154901
     0.742001
     0.656195
     0.991475
     1.601366
     2.193918
     2.560318
     2.894931
     3.761098
     2.970320
     2.870310
     1.821309
     1.437478
     1.987385
     3.119396
     4.175800
     4.578196
     4.553276
     4.983143
     4.570758
     4.879430
     3.319794
     2.618432
     3.506881
     5.483290
     7.362932
     7.773684
     7.010314
     6.659130
     6.790860
     8.136450
     4.792829
     3.841166
     5.277766
     8.499703
    11.834901
    12.205530
    10.052601
     8.536104
     5.994801
     7.635998
     4.896586
     4.616572
     6.918542
    11.635897
    17.170258
    17.347178
    13.036052
    10.212266
     3.379968
     3.625405
     3.801037
     5.025839
     8.322955
    14.315992
    21.222218
    20.399677
    14.770080
    11.255359
     2.248462
     2.547027
     3.639884
     5.740337
     9.850636
    17.603819
    21.754580
    19.394283
    14.759564
    11.509103
     2.051229
     2.800037
     4.601188
     7.035259
    11.597201
    18.892353
    18.486897
    16.955015
    13.698107
    11.132730
     2.173300
     3.583633
     6.527044
     8.745653
    11.516294
    14.711332
    14.713912
    14.198750
    12.125980
    10.336792
     2.141093
     3.959634
     9.330000
    10.837288
     9.781690
    10.494876
    11.391905
    11.497536
    10.342564
     9.291174
     1.740640
     2.965930
     5.660741
     7.593202
     7.602026
     7.705746
     8.605387
     9.030986
     8.551582
     8.139540
     1.209690
     1.788093
     3.310112
     4.616747
     4.915622
     5.388659
     6.294001
     6.907383
     6.910812
     7.011579
     0.773556
     0.904123
     1.672518
     2.434862
     2.851522
     3.519549
     4.475188
     5.227284
     5.560317
     6.030092
     0.504493
     0.356542
     0.587847
     0.956825
     1.442709
     2.227963
     3.240539
     4.095597
     4.621165
     5.300015
     0.395256
     0.142727
     0.171936
     0.353552
     0.775582
     1.566814
     2.622056
     3.550645
     4.147574
     4.878762
     0.401058
     0.107535
     0.086043
     0.212179
     0.598437
     1.398523
     2.518482
     3.511822
     4.095242
     4.758821
     0.543176
     0.206708
     0.174650
     0.317671
     0.741868
     1.600314
     2.802003
     3.848420
     4.374013
     4.906692
     1.038028
     0.698690
     0.686842
     0.900494
     1.413342
     2.321693
     3.520082
     4.538856
     5.006406
     5.395570
     1.440489
     0.978496
     0.935574
     1.142802
     1.567866
     2.113949
     2.607493
     2.956189
     3.316374
     4.071702
     1.170036
     0.657729
     0.591696
     0.891060
     1.575797
     2.492061
     3.240477
     3.535036
     3.636319
     4.215061
     1.567984
     1.066900
     0.947016
     1.390116
     2.564061
     4.227440
     5.542397
     5.744177
     5.260339
     5.267859
     2.604008
     2.198918
     1.841441
     2.374117
     4.226069
     7.133414
     9.585567
     9.606421
     7.967068
     6.949413
     4.355141
     4.235530
     3.080889
     3.558326
     6.196241
    10.977589
    15.853480
    15.511651
    11.561627
     8.974573
     6.316711
     6.844319
     4.047495
     4.517348
     7.955753
    15.062039
    25.554295
    24.406960
    15.573546
    10.967340
     5.182152
     5.802642
     3.875218
     4.945472
     9.106477
    17.974142
    37.826077
    36.503323
    18.879435
    12.512568
     2.619715
     2.648736
     3.066254
     5.050937
     9.762863
    19.245314
    40.194820
    39.897320
    20.410473
    13.391405
     1.662118
     1.759314
     2.829942
     5.305749
    10.238005
    19.378750
    34.302246
    36.980495
    20.539898
    13.693625
     1.477772
     1.901181
     3.434700
     5.953225
    10.349308
    17.669140
    27.983536
    31.469440
    19.825430
    13.567496
     1.557569
     2.586204
     5.509683
     7.356254
     9.798052
    14.920818
    22.486006
    25.686769
    18.327888
    13.066550
     1.488525
     2.705119
     6.918796
     7.888478
     8.559771
    12.192735
    17.865788
    20.654011
    16.301926
    12.247179
     1.144320
     1.707935
     3.309195
     5.057591
     6.726138
     9.608659
    13.993685
    16.436008
    14.067642
    11.211390
     0.781768
     0.873354
     1.647773
     2.968580
     4.657050
     7.256658
    10.819326
    13.015731
    11.922934
    10.101938
     0.543735
     0.408964
     0.761691
     1.562783
     3.004544
     5.388631
     8.432619
    10.476561
    10.156263
     9.095438
     0.424232
     0.192494
     0.327611
     0.841225
     2.036963
     4.193499
     6.991267
     9.011816
     9.058766
     8.377520
     0.389804
     0.119072
     0.166688
     0.538682
     1.586896
     3.662410
     6.519288
     8.697082
     8.773119
     8.051027
     0.427647
     0.125851
     0.146408
     0.478736
     1.491665
     3.626618
     6.766134
     9.253143
     9.123687
     8.048379
     0.595214
     0.253928
     0.276412
     0.637996
     1.683156
     3.896455
     7.347179
    10.218467
     9.732837
     8.178128
     1.129308
     0.802092
     0.865412
     1.302265
     2.363774
     4.441175
     7.725256
    10.637468
     9.934053
     8.256972
     1.765635
     1.361961
     1.449447
     1.959931
     2.874110
     3.977764
     4.800255
     5.020299
     4.934299
     5.208940
     1.569025
     1.136595
     1.186949
     1.964983
     3.560764
     5.668067
     7.186207
     7.123787
     6.194927
     5.839803
     2.228305
     1.899765
     1.722317
     2.796026
     5.386337
     9.240525
    12.270966
    11.625827
     8.992133
     7.386398
     3.706060
     3.633530
     2.669281
     3.898144
     7.550798
    13.963077
    20.542595
    18.607347
    12.715391
     9.332524
     5.164120
     5.471392
     3.509060
     4.761064
     9.207085
    18.393929
    34.109753
    28.493280
    16.463705
    11.152792
     4.525046
     4.649446
     3.561213
     5.045617
     9.759205
    19.779722
    43.025112
    35.520119
    18.726141
    12.397642
     2.863704
     2.751373
     2.957547
     4.829621
     9.400282
    17.937239
    30.759802
    29.696728
    18.825863
    12.974959
     1.796003
     1.671182
     2.377541
     4.515523
     8.900556
    16.287563
    25.560642
    26.414249
    18.576042
    13.251319
     1.291032
     1.263291
     2.216003
     4.458407
     8.684048
    15.772090
    26.119501
    28.828787
    19.326963
    13.590261
     1.184743
     1.442177
     2.783886
     4.911756
     8.664766
    15.531636
    28.183886
    35.296455
    20.781853
    14.019591
     1.225942
     2.001920
     5.190353
     6.188167
     8.550090
    14.917485
    29.048038
    40.580379
    22.167410
    14.374047
     1.118035
     1.788925
     4.191244
     5.488160
     7.763541
    13.714578
    27.278648
    41.188152
    22.800228
    14.495897
     0.854501
     1.014167
     2.006195
     3.597810
     6.411618
    12.028291
    23.564354
    37.192894
    22.242926
    14.301563
     0.631920
     0.522586
     1.058630
     2.393882
     5.071531
    10.180098
    19.491245
    29.385227
    20.604736
    13.802784
     0.506173
     0.287972
     0.589313
     1.619207
     3.976766
     8.520655
    16.067295
    22.960085
    18.563284
    13.127895
     0.453430
     0.190907
     0.367482
     1.172636
     3.240413
     7.362387
    14.018271
    19.972750
    17.184652
    12.535704
     0.452518
     0.163672
     0.280474
     0.958348
     2.851337
     6.834292
    13.704798
    20.772335
    17.353685
    12.266877
     0.512616
     0.192912
     0.285739
     0.915589
     2.734097
     6.752101
    14.381886
    23.909086
    18.478697
    12.222002
     0.709896
     0.357256
     0.455438
     1.093120
     2.858850
     6.834466
    15.172590
    28.659988
    19.670731
    12.084611
     1.292266
     0.975735
     1.122813
     1.794921
     3.418453
     6.893685
    14.801013
    31.920681
    19.440767
    11.452129
     2.270319
     1.982349
     2.288407
     3.197689
     4.766123
     6.720362
     8.069265
     7.920065
     7.012006
     6.583158
     2.085649
     1.785470
     2.154285
     3.564787
     6.455941
    10.879770
    14.365767
    12.843322
     9.511013
     7.710295
     2.962030
     2.853947
     2.808935
     4.615821
     9.024773
    17.254246
    26.367971
    21.253578
    13.350780
     9.523201
     4.307854
     4.508018
     3.598195
     5.480222
    10.735173
    21.979748
    44.015121
    30.780493
    16.653488
    11.152517
     4.635603
     4.863836
     3.805771
     5.650468
    10.764711
    21.294399
    42.078369
    31.875414
    17.754940
    12.016069
     3.154709
     3.073716
     3.257358
     5.152543
     9.522604
    17.061680
    25.973814
    24.118286
    16.532053
    12.046556
     2.112464
     1.932795
     2.535870
     4.398257
     8.003428
    13.271866
    18.149036
    18.282513
    14.650756
    11.659564
     1.542402
     1.354787
     2.032749
     3.799770
     6.929152
    11.180065
    14.979750
    15.732947
    13.573729
    11.386910
     1.265005
     1.140171
     1.879161
     3.575769
     6.483788
    10.540054
    14.519350
    15.703703
    13.681585
    11.507193
     1.192959
     1.283428
     2.347416
     3.884010
     6.515876
    10.710517
    15.521673
    17.326530
    14.738184
    12.005911
     1.185657
     1.595838
     3.955190
     4.635821
     6.656226
    11.113516
    17.213659
    20.120232
    16.428228
    12.740683
     1.070261
     1.281318
     2.498617
     3.884737
     6.405234
    11.344937
    19.107944
    24.053080
    18.535837
    13.559382
     0.889936
     0.824667
     1.498035
     2.972089
     5.851285
    11.247316
    20.763119
    29.487906
    20.890800
    14.327063
     0.753850
     0.559592
     1.020223
     2.366253
     5.250923
    10.826107
    21.642540
    36.840446
    23.226017
    14.909252
     0.679863
     0.429527
     0.766903
     1.949913
     4.682186
    10.144958
    21.288473
    41.177147
    24.957317
    15.151668
     0.653564
     0.372419
     0.629115
     1.657945
     4.187018
     9.357501
    19.813248
    38.268002
    24.828779
    14.948538
     0.670425
     0.362431
     0.567274
     1.484730
     3.821500
     8.700497
    18.603403
    36.002590
    23.929756
    14.475810
     0.751970
     0.413513
     0.587985
     1.433028
     3.603193
     8.189461
    17.411636
    33.029087
    22.351891
    13.831212
     0.982667
     0.622813
     0.793337
     1.596454
     3.582749
     7.734638
    15.875718
    27.498978
    20.137569
    12.945930
     1.604177
     1.305269
     1.513766
     2.290174
     4.011255
     7.391653
    13.751231
    21.922970
    17.140108
    11.764299
     3.111229
     3.026973
     3.571372
     4.777221
     6.795567
     9.458105
    11.340147
    10.691388
     8.974688
     7.934872
     2.920839
     2.856087
     3.582769
     5.439678
     9.241359
    16.734676
    27.033346
    19.289433
    12.287803
     9.323022
     3.542325
     3.646087
     4.127652
     6.409452
    11.717025
    24.460268
    53.261818
    29.762920
    15.851971
    10.935679
     4.301473
     4.605993
     4.558669
     6.779380
    11.961508
    22.109373
    36.444775
    27.539640
    16.796818
    11.810076
     3.906202
     4.080829
     4.347989
     6.346354
    10.523606
    17.074724
    23.145309
    21.151272
    15.441264
    11.740381
     3.025352
     3.021420
     3.676855
     5.446773
     8.614672
    12.833300
    16.190914
    15.988699
    13.327035
    11.098330
     2.431471
     2.345210
     3.000313
     4.520231
     6.969654
     9.935919
    12.245731
    12.661886
    11.526708
    10.368929
     2.052814
     1.926461
     2.518890
     3.843707
     5.885648
     8.290227
    10.242800
    10.937594
    10.482212
     9.893467
     1.837884
     1.723572
     2.296149
     3.514894
     5.375958
     7.628360
     9.588884
    10.468292
    10.233995
     9.804293
     1.741090
     1.712243
     2.374301
     3.532547
     5.298770
     7.617825
     9.815344
    10.891424
    10.634841
    10.077991
     1.682219
     1.750069
     2.620874
     3.678905
     5.398856
     7.939631
    10.565961
    11.921852
    11.507753
    10.624113
     1.580855
     1.574984
     2.249524
     3.441526
     5.415427
     8.348868
    11.602160
    13.384893
    12.717790
    11.342993
     1.460450
     1.356828
     1.895965
     3.132549
     5.335957
     8.716379
    12.768236
    15.194404
    14.171309
    12.137749
     1.368249
     1.209022
     1.673415
     2.890489
     5.206545
     8.961317
    13.906839
    17.278149
    15.757065
    12.887623
     1.315500
     1.123165
     1.530309
     2.690863
     5.013256
     8.970017
    14.683047
    19.287004
    17.132170
    13.388621
     1.301070
     1.081685
     1.436477
     2.508624
     4.743386
     8.646247
    14.468368
    19.545036
    17.344566
    13.378960
     1.331217
     1.084257
     1.391775
     2.377956
     4.450206
     8.078402
    13.366188
    17.791779
    16.239752
    12.846961
     1.433452
     1.159841
     1.427109
     2.321761
     4.194946
     7.441819
    11.986007
    15.572720
    14.628222
    12.008015
     1.682743
     1.400603
     1.644326
     2.451482
     4.090271
     6.880215
    10.624983
    13.464547
    12.940234
    11.037045
     2.267391
     2.053442
     2.307664
     3.037925
     4.405329
     6.636582
     9.473387
    11.575811
    11.365702
    10.130021
 