   28.740128
   -15.537024
   129.393326
    -0.288302
    -0.798369
    -1.704427
    -1.957065
    -1.307015
    -2.069314
    -1.751151
    -2.005340
    -1.098112
    -2.631766
    -0.074333
    -0.208233
    -1.243689
    -1.559614
    -1.965751
    -2.793452
    -3.030020
    -2.463964
    -1.306362
    -1.964275
     0.848034
     0.783298
    -0.212343
     0.394612
    -1.226145
    -1.799207
    -2.033741
    -3.742620
    -3.310015
    -1.863640
     2.460546
     1.381541
     0.286499
     0.140899
    -0.024215
     0.398594
    -2.036873
    -3.281611
    -3.373503
    -4.120345
     2.635014
     1.163467
    -0.457159
     2.994207
     1.791964
     1.833623
     0.440744
     0.913007
    -0.879676
    -2.580075
     2.715590
     2.970124
     4.870108
     5.324464
     4.973205
     2.904109
     3.283280
     2.492539
     1.379186
    -0.489803
     5.513883
     5.528649
     7.807394
     8.633001
     7.574471
     6.216239
     4.386192
     4.125141
     5.031509
     1.579731
     9.334819
    11.251235
    10.915397
     9.872917
    12.975258
    13.664117
    11.184929
     8.699587
     7.234986
     6.799822
    10.257662
    11.676847
    12.450361
    17.753130
    19.064152
    20.514105
    15.105148
    13.168427
    11.059650
     9.313092
    10.715168
    13.239964
    17.344351
    28.082159
    31.797537
    27.866617
    21.576242
    15.338152
    12.896700
    11.142657
    12.877853
    14.183371
    19.870539
    32.093246
    36.360909
    30.687021
    25.152815
    18.311569
    14.756770
    11.896583
    13.487781
    14.038426
    19.015211
    29.484266
    30.756195
    30.180420
    25.315207
    20.231308
    16.440542
    15.769046
    10.947912
    12.025436
    18.049135
    26.348604
    28.390814
    28.615068
    22.886843
    22.266153
    20.337095
    17.545864
    11.812506
    10.034966
    18.393732
    24.688347
    27.412180
    27.754940
    25.315413
    23.033052
    20.421455
    18.345463
    11.985326
    10.278892
    18.449697
    20.374138
    28.880806
    24.515335
    23.733381
    20.511332
    18.322756
    17.801554
     5.778130
    11.688902
    12.111671
    17.046659
    17.806936
    19.297565
    17.883732
    16.440149
    17.612251
    18.568069
    -1.050342
     1.297830
    11.413897
    11.316994
    11.678811
    13.629952
    15.357193
    16.601313
    17.868706
    19.006878
    -2.070593
    -0.304918
     9.149297
    11.561004
    11.961750
    14.162610
    15.971058
    17.947512
    18.405169
    16.510260
    -1.742714
    -2.432038
    -0.113168
     6.292802
    12.549254
    14.541037
    16.866720
    17.372471
    16.624809
    12.993735
    -2.465677
    -1.523191
    -0.404013
     1.408063
     4.646090
     6.531575
     9.160180
    11.482179
    10.601555
    10.191098
     0.292064
     0.828306
     0.122548
    -0.502272
    -1.247231
    -0.992625
    -0.883778
    -0.659847
     0.119302
     1.243446
     0.356355
    -0.248250
     0.368900
     1.078830
    -0.355467
    -1.417254
    -1.528242
    -1.065658
    -0.596040
     0.677975
     1.613378
     1.935921
    -0.248113
     1.660088
     0.314742
     5.262390
     3.540953
     3.444019
    -1.519158
     0.133935
     1.812741
     0.626321
     4.990562
     7.496369
     8.461496
     9.479719
     7.501763
     6.961323
     6.276269
     2.065677
     3.771831
     6.284976
    10.389525
    11.814182
    11.255392
     8.315207
     6.235946
     6.213788
     6.767276
     6.754962
     7.971417
     9.811915
    11.555195
    11.471218
     8.029622
     6.051502
     4.738124
     4.935678
     5.810929
     7.356661
    11.878404
    11.807867
    12.460745
    10.331268
    16.396961
    19.116072
    12.232000
    10.661049
     8.772009
    10.154951
    12.234986
    13.270305
    20.241611
    33.049839
    37.630096
    28.871826
    24.498178
    19.006119
    13.498976
    10.155171
    12.565355
    15.999415
    40.852818
    71.381470
    52.074173
    37.455101
    28.896587
    22.058489
    17.984358
    14.981647
    14.868157
    21.592636
    48.926003
    74.630249
    54.719410
    40.649734
    33.955959
    31.891113
    22.440468
    18.485100
    15.569719
    24.858734
    42.052036
    61.732552
    56.997879
    40.995800
    37.036854
    34.756439
    30.320797
    21.315310
    15.134409
    27.406981
    38.551476
    44.120087
    48.059113
    40.828716
    38.304241
    37.026768
    31.984173
    24.395227
    13.941604
    22.419699
    33.874561
    42.911427
    45.148701
    43.753750
    41.669422
    40.857540
    35.116638
    29.945843
    10.691848
    16.843628
    25.559210
    49.022091
    58.915535
    50.747330
    43.169334
    41.648136
    36.280357
    28.679371
    10.400034
    14.308610
    21.059490
    46.140865
    58.934032
    51.358135
    43.487103
    37.177742
    29.842358
    25.674633
    10.438875
    12.501757
    19.139929
    33.294994
    40.844715
    48.996326
    41.522762
    25.098715
    24.822071
    23.215952
     0.928400
     8.733422
    11.500581
    17.016249
    19.886475
    21.106014
    23.480639
    24.668911
    25.235928
    24.686634
    -2.086775
     9.319101
     7.669213
    10.615359
    14.166613
    18.791552
    22.813297
    24.338764
    25.217993
    26.063183
    -2.842794
     0.371616
     7.196359
    10.338180
    13.743551
    17.947634
    23.267941
    24.691416
    26.686344
    26.790653
    -2.117459
    -1.491719
     2.714435
     5.362185
    10.339410
    19.150988
    24.881649
    24.173328
    24.328676
    22.487810
     0.726509
     0.141515
    -0.452728
     0.458776
     0.000096
    -0.029788
    -0.175833
     0.832858
     1.382263
     2.246899
     0.145340
    -0.303971
     0.179280
     4.493432
     7.654757
     5.728051
     2.759267
     0.266905
     0.972065
     2.984721
     2.076215
     0.731429
    10.844194
    17.371552
    19.121571
    12.632154
     9.467172
     9.352306
     4.739081
     3.095082
     2.142775
    10.372500
    16.220142
    28.193638
    20.775972
    13.755084
     9.959719
     8.603745
     8.960993
     7.359206
    11.363358
    13.128012
    18.673706
    21.476204
    14.779276
     9.598636
     8.995221
     7.210572
     9.305529
    10.121817
    12.946284
    11.871349
    18.324350
    17.100941
    14.299205
    14.738279
    19.625885
    19.107046
    13.307553
    12.916917
    13.970367
    16.370491
    16.595348
    34.137955
    38.103001
    29.412352
    27.597790
    22.187250
    20.998695
    19.003700
    15.229676
    20.365101
    50.131916
    54.827126
    44.617535
    35.226208
    28.232010
    27.801954
    24.911312
    18.318655
    20.873852
    41.646492
    68.143440
    97.729187
    52.694633
    41.673725
    36.069565
    30.035564
    29.327152
    23.608490
    18.849848
    44.966209
    60.835087
    70.307022
    53.046059
    41.785168
    38.358673
    35.649433
    35.939224
    28.705673
    22.773703
    40.777328
    47.039486
    57.718102
    61.095631
    43.889526
    40.844830
    41.130123
    40.135754
    39.580978
    24.667311
    35.616993
    42.867897
    50.871387
    51.538868
    51.178207
    46.234783
    45.350506
    46.605110
    45.094769
    24.405687
    32.069904
    40.654415
    47.071465
    60.301334
    58.501186
    54.736893
    51.763897
    50.061558
    47.828274
    14.204733
    30.021145
    43.198647
    69.367653
    82.529320
    69.297745
    58.990627
    54.826237
    52.511120
    50.880882
    11.124962
    22.200460
    52.371670
    81.612343
    90.244888
    69.453056
    57.848167
    53.754051
    53.752251
    41.117168
    10.083778
    21.966364
    49.400394
    66.162140
    67.700249
    61.353962
    57.217285
    54.277058
    44.088070
    37.712231
     9.534651
    11.690249
    23.448030
    41.536747
    52.118546
    49.406925
    50.101364
    39.874805
    39.058727
    36.691357
     0.955473
     6.649920
    10.696843
    15.886780
    21.525852
    28.212793
    36.888229
    37.147655
    38.263866
    38.830795
    -2.197542
     7.655330
     7.806500
    10.955742
    16.239466
    25.666567
    37.659855
    36.737179
    40.478268
    45.373268
    -2.415109
     2.260269
     7.123904
    10.875990
    15.620420
    23.920967
    34.506664
    33.837112
    38.371964
    45.276215
     1.556104
    -0.732006
     0.505919
     1.226968
    -0.205021
     0.874681
     1.973609
     2.675528
     4.165768
     5.696748
     0.020625
     0.912036
    11.635045
    19.962509
    15.862295
    10.814882
     5.335151
     4.203011
     6.961895
     7.065823
     1.724188
    10.730993
    25.794403
    45.939476
    27.318260
    15.617463
    10.677832
    10.567663
     9.924314
     9.800716
    11.516108
    14.146852
    28.315470
    31.014301
    21.214821
    14.255507
    11.102907
    11.119715
    13.333824
    14.151289
    14.449835
    18.502964
    22.338432
    46.502697
    36.462551
    24.598095
    17.088661
    15.017353
    14.656301
    16.015968
    13.190730
    18.364965
    29.652763
    63.367401
    46.572445
    39.635853
    32.221352
    29.623964
    27.495916
    21.361784
    16.566414
    20.504135
    45.791569
    63.091587
    43.592796
    36.135002
    27.435534
    28.626875
    33.543377
    30.791075
    17.152437
    44.010365
    55.517731
    64.191010
    48.462341
    34.445679
    34.022427
    34.571430
    33.795773
    33.523800
    34.394066
    54.358547
    71.937836
    63.877621
    44.600319
    36.310574
    34.138748
    35.784893
    40.500046
    38.684151
    34.872189
    51.600784
    52.013924
    56.304890
    47.249378
    40.809254
    38.468979
    40.394264
    45.649654
    46.701221
    35.745628
    42.459206
    44.502808
    47.203995
    47.484024
    46.512749
    44.564674
    45.023796
    51.259914
    55.353439
    34.566746
    37.627277
    42.653919
    47.743298
    57.774200
    56.325871
    53.323254
    54.243832
    60.402763
    60.948406
    31.804430
    36.746128
    42.668789
    56.965149
    63.001247
    67.257126
    71.093765
    66.733124
    72.292862
    71.225014
    28.213165
    38.500103
    53.714336
    64.553856
    76.882042
    70.753807
    68.857544
    71.612770
    69.763374
    73.061287
    26.165344
    41.669426
    55.261738
    68.531616
    84.922127
    71.450562
    68.842468
    65.915245
    69.083138
    70.941193
    17.260675
    40.217937
    53.927128
    70.025368
    71.284660
    66.360428
    71.165443
    66.010895
    66.707214
    61.142990
     9.211658
    25.583542
    45.298615
    59.886391
    64.251091
    65.287521
    78.187744
    65.239014
    57.531689
    59.968700
     9.196927
    11.260485
    19.163975
    30.615025
    39.755550
    45.870247
    59.989761
    50.000011
    55.092369
    63.143162
     0.143547
     6.735744
     8.015518
    13.692694
    18.381039
    28.048771
    37.976997
    39.125465
    47.398933
    53.892857
    -1.897460
     7.567684
     8.376509
    10.359631
    15.653037
    22.667313
    28.680986
    32.995098
    37.642487
    38.186184
     0.741901
     0.011300
     6.803956
     8.050778
     7.553458
     5.844682
     4.895531
     6.367429
     8.999388
    11.838003
     1.520773
     8.966919
    16.431599
    27.203114
    18.186172
    12.096969
    10.165774
    10.852633
    14.327775
    15.003905
     9.633673
    13.922125
    24.546585
    43.748280
    25.615635
    14.586576
    12.564816
    13.902409
    19.634542
    21.531975
    12.229571
    14.208203
    37.983368
    56.680611
    39.954113
    23.144474
    15.346931
    15.995530
    21.797436
    25.328840
    11.025142
    18.756729
    43.677742
    67.990112
    50.232624
    36.796860
    29.362812
    24.285061
    25.780964
    29.955168
    15.356970
    23.430534
    54.278862
    57.604679
    40.460957
    33.072914
    32.539719
    32.195126
    41.713371
    41.144547
    17.735088
    38.511505
    55.779716
    78.989952
    50.045418
    38.335468
    35.812916
    35.761990
    41.254456
    51.181721
    26.198235
    42.037113
    67.556107
    41.919109
    36.415909
    31.885815
    31.615377
    35.641579
    46.491512
    52.047905
    35.551529
    51.936428
    45.473064
    47.490685
    41.951340
    38.296799
    38.671913
    39.971546
    46.579754
    53.484272
    45.253307
    42.989483
    49.920872
    54.759193
    47.837402
    42.978165
    44.526657
    43.486534
    49.820225
    54.588627
    43.144283
    39.552040
    44.219505
    50.106262
    51.227997
    48.149395
    49.509663
    48.631798
    53.012436
    54.211300
    36.814201
    38.333790
    42.682205
    51.353424
    54.167816
    60.524117
    60.651859
    61.152203
    58.447784
    56.093655
    32.015556
    39.005821
    48.435112
    59.984619
    68.622574
    69.524223
    86.686684
    82.582710
    68.180405
    58.239132
    30.461329
    43.887409
    54.864540
    70.755028
    68.608231
    72.631416
    87.343651
    77.663170
    68.309212
    59.777367
    31.552864
    44.837410
    59.131321
    81.666962
    80.281448
    71.694351
    79.895645
    70.055138
    62.687023
    56.501698
    23.953465
    43.335835
    55.132179
    93.431778
    84.835075
    72.959686
    79.368027
    66.918495
    61.175598
    59.825710
    10.993708
    33.075222
    51.282074
    63.469044
    65.124939
    62.619934
    65.568657
    62.413918
    60.036484
    53.791111
     8.841944
    15.073129
    33.220634
    39.768929
    48.767231
    49.500652
    51.940147
    51.332458
    52.499763
    54.629456
     6.903852
     7.247703
    10.486676
    18.828609
    25.064640
    29.293110
    32.150761
    35.512634
    44.937237
    51.231285
    -1.237320
     7.684573
     7.952561
    10.677914
    15.458521
    20.593727
    24.660172
    29.714752
    35.890823
    39.542114
     0.220401
     3.543987
     8.049608
     9.933691
     9.104581
    10.035044
     8.268038
    10.478049
    19.139858
    26.516598
     0.787183
     7.647778
    13.091734
    12.874315
    14.267488
     9.562665
    10.698131
    16.518532
    27.192329
    36.738106
    11.109283
    17.340162
    35.140442
    51.925491
    30.880672
    16.630260
    12.517180
    16.816113
    31.264933
    42.745171
    11.620841
    30.387819
    38.414577
    47.078728
    40.831142
    28.479000
    22.444967
    21.468832
    31.336233
    43.526489
    14.381724
    33.478577
    33.492001
    33.073280
    35.044781
    29.566338
    31.411587
    33.148937
    38.718422
    42.714939
    23.633053
    34.194721
    46.485382
    49.946079
    40.062210
    37.136997
    35.165371
    34.588696
    44.211449
    43.504768
    35.641647
    35.912807
    56.767124
    37.514252
    32.213421
    31.112026
    32.000034
    38.610062
    45.498001
    47.215866
    37.454346
    51.883514
    43.467281
    44.272579
    37.516487
    34.641827
    34.085609
    35.342793
    42.544312
    44.517357
    39.365200
    44.757401
    45.092266
    41.678318
    40.807869
    39.632202
    38.554668
    41.125023
    40.065163
    42.368519
    43.185604
    43.084732
    45.429806
    51.235577
    55.888416
    50.922638
    47.095619
    46.000877
    44.757946
    42.977840
    41.752716
    40.111065
    48.795815
    63.466042
    64.280495
    59.994328
    57.603748
    53.598450
    51.267029
    46.580761
    37.609367
    41.002281
    50.774296
    68.561279
    64.387993
    64.657913
    65.583855
    58.490250
    55.414383
    48.698299
    34.997608
    38.380627
    61.269619
    61.844833
    62.184807
    60.389286
    73.271873
    69.317734
    58.197701
    52.674961
    37.124893
    42.618484
    65.807777
    63.550331
    59.971481
    63.929878
    73.558891
    66.047897
    57.469944
    52.106785
    36.819553
    43.106335
    67.115334
    71.541985
    68.172806
    61.982834
    63.740318
    57.873123
    53.860893
    49.444099
    30.318392
    41.337128
    64.058578
    88.166916
    81.929214
    62.562874
    62.653603
    54.684772
    48.649624
    45.471508
    15.325589
    36.806896
    45.250340
    52.245842
    54.516548
    54.058243
    50.242218
    47.490570
    48.032173
    45.686558
     9.086977
    19.117990
    36.708080
    45.471523
    48.042706
    48.031231
    47.299942
    45.884094
    42.575382
    36.622929
     7.289644
     8.527285
    16.146925
    23.424311
    31.406542
    32.507385
    34.662239
    33.054596
    32.625191
    32.136158
    -1.443543
     6.445106
     8.590092
    11.278973
    15.607069
    19.491501
    22.595890
    25.301758
    29.119917
    32.010860
     0.344080
     6.468480
     6.608021
     6.701728
     6.861085
     7.706948
    11.202326
    13.309946
    22.351618
    33.253185
     5.229536
     7.756805
     8.957041
     8.529398
     8.725646
     8.716462
    11.210573
    16.613689
    27.755825
    31.030769
    10.607444
    25.826620
    36.984165
    31.295938
    22.615604
    17.529390
    13.757771
    17.910574
    25.728632
    34.258869
    16.370686
    32.744141
    45.974121
    35.188126
    26.044870
    26.213894
    28.813902
    24.829361
    26.833767
    30.954832
    29.619926
    35.085087
    35.378391
    35.537560
    32.071373
    31.456333
    29.439980
    34.086655
    35.936237
    29.989616
    38.689201
    39.319897
    37.262085
    33.988628
    30.518272
    29.785812
    34.723965
    39.451103
    40.000683
    33.565224
    36.123505
    37.809044
    42.784336
    35.803963
    30.967655
    30.615025
    35.036087
    38.902752
    44.092964
    38.867985
    40.619846
    42.271973
    42.131481
    33.629776
    31.562759
    33.100365
    36.658619
    41.246315
    39.654114
    37.953491
    40.947430
    43.413677
    43.116455
    41.539837
    35.860405
    40.071522
    42.519241
    46.164722
    38.595181
    36.111843
    44.719730
    41.115379
    36.766033
    43.606834
    49.241940
    47.429073
    53.272831
    49.079708
    40.145538
    36.711517
    43.470165
    40.182438
    47.454910
    67.489624
    58.425846
    54.156265
    69.084396
    51.702057
    45.700481
    39.793720
    38.401207
    47.748260
    69.395393
    84.032181
    59.900459
    57.715248
    64.786812
    54.193542
    49.295605
    45.403088
    36.036720
    50.078808
    70.779747
    75.410927
    59.144592
    53.776112
    55.311749
    53.505630
    49.915489
    43.701351
    35.786697
    50.216537
    70.596298
    75.055519
    52.992748
    55.743198
    55.130226
    51.341595
    46.998943
    44.960567
    35.055328
    43.203976
    66.390434
    61.906818
    55.529442
    53.916466
    51.653641
    47.664223
    46.130856
    42.107529
    30.927450
    35.923119
    55.929363
    73.438225
    70.167152
    60.681133
    52.022930
    47.556343
    42.241234
    37.146519
    16.769358
    35.214779
    40.087654
    61.773857
    64.669212
    56.297859
    47.104774
    40.226387
    37.332989
    37.771317
     8.963842
    18.111403
    35.940117
    40.498840
    43.203560
    42.571907
    43.283581
    40.213211
    35.703472
    29.165258
     6.154317
     7.421511
    17.054226
    29.890985
    35.633820
    35.885578
    32.777672
    28.626944
    24.137066
    21.604286
     1.931638
     5.368205
     8.258039
    11.967882
    15.723372
    23.174152
    23.383465
    20.608189
    20.924780
    21.286209
     6.186030
     5.560616
     5.824081
     5.516023
     6.058051
     5.145298
     8.013498
     9.390663
    15.754382
    23.894680
     9.547479
     9.728848
    12.957828
    10.547697
     8.795439
     7.907783
     9.915770
    13.754133
    21.676945
    27.990372
    10.576149
    32.403271
    28.882010
    24.803617
    23.739996
    18.023994
    14.195036
    17.235237
    23.564177
    28.086447
    34.897839
    35.071014
    34.501545
    29.434439
    26.117981
    26.992006
    25.554327
    27.158012
    31.631405
    31.799591
    36.715027
    38.916706
    38.823364
    33.122738
    27.708321
    28.207827
    31.415958
    35.012863
    41.594879
    32.911575
    38.709373
    38.856670
    44.961494
    38.948238
    33.469788
    32.592915
    32.688038
    44.216892
    49.496296
    31.393616
    43.809120
    46.271275
    35.134357
    27.755096
    27.458746
    29.176670
    36.753017
    44.888054
    47.823826
    35.257275
    40.652523
    49.303463
    30.952358
    27.266567
    27.745239
    30.713507
    37.023582
    47.602070
    41.342007
    34.297100
    43.746574
    43.278931
    32.725864
    28.377361
    32.694141
    36.392776
    40.779213
    46.847969
    37.373070
    32.092949
    44.643734
    36.239952
    37.798409
    42.584602
    46.663063
    44.396160
    48.449245
    44.528015
    38.050873
    31.035992
    40.531452
    39.041344
    51.586735
    54.611813
    54.217117
    50.449669
    54.083153
    45.864624
    40.878700
    33.910805
    41.009857
    45.774956
    65.125824
    75.524513
    58.977898
    55.580013
    65.359093
    50.298470
    44.190338
    36.708889
    41.535038
    48.559536
    72.508797
    98.042862
    59.958595
    55.862240
    62.386707
    49.829224
    43.359116
    38.666206
    35.060520
    45.418915
    64.749832
    73.947166
    63.423733
    58.003258
    54.180500
    48.306160
    43.255985
    38.632275
    34.308727
    40.026909
    57.071114
    66.183311
    63.391979
    57.875908
    52.494473
    45.673038
    41.268402
    36.277851
    30.491669
    37.695847
    52.771317
    64.477661
    74.723526
    60.815952
    49.769039
    43.197617
    38.048504
    31.985140
    20.255842
    31.938412
    35.589828
    57.534462
    71.760429
    66.792816
    51.555618
    40.400452
    33.125645
    32.083107
     7.860617
    13.666749
    33.595722
    37.181377
    41.754158
    49.205193
    43.145714
    38.511185
    30.940994
    26.431046
     5.930577
     6.013665
    10.605237
    25.573610
    35.878883
    40.871151
    35.000820
    27.725800
    19.865528
    17.417585
     2.318013
     5.927762
     5.260550
    12.127145
    17.960110
    22.402182
    18.549358
    14.802252
    13.305234
    13.685263
    10.386364
    10.188490
     8.743792
     6.818403
     5.840689
     2.357764
     4.304223
     5.015826
     5.821435
     8.687621
    11.909451
    17.375948
    18.498474
    17.158381
    15.383869
    14.522584
     8.330646
     9.141971
    12.300261
    10.852650
    18.679558
    32.587959
    24.905766
    23.275232
    21.305515
    19.790302
    18.474855
    13.078913
    17.925436
    13.388557
    37.449429
    33.136658
    32.322330
    29.724766
    23.794210
    22.369541
    24.892691
    29.921507
    29.717800
    23.640957
    38.204823
    44.334858
    47.439995
    37.489429
    31.083408
    27.724869
    29.008976
    33.129791
    40.096943
    25.163261
    47.204815
    52.712502
    52.299347
    34.121624
    28.236601
    31.628193
    33.192307
    36.827576
    38.008842
    22.032566
    49.789772
    54.479454
    36.406326
    30.372461
    25.545103
    27.653715
    34.716034
    40.404179
    38.814468
    25.395590
    49.625031
    46.667927
    33.735176
    28.775047
    24.341660
    29.911987
    34.610802
    38.817642
    35.979008
    28.983625
    43.386127
    45.659885
    30.340370
    31.628994
    29.995066
    34.092907
    36.506531
    37.663643
    37.249813
    27.247463
    46.072243
    37.577351
    38.599628
    43.949554
    36.819489
    38.306595
    38.279453
    36.702515
    34.230503
    30.508659
    41.727779
    40.653675
    41.410831
    49.031689
    43.498032
    43.910606
    41.558083
    36.165527
    34.848564
    32.008949
    41.849743
    43.222511
    50.323551
    58.753456
    52.720879
    49.891781
    45.089130
    39.991920
    36.792206
    32.333035
    40.226196
    45.078186
    54.323669
    74.203163
    61.809937
    53.965015
    52.241985
    44.667439
    39.109802
    33.389530
    36.818180
    44.465935
    52.977955
    65.239098
    65.362999
    60.627998
    55.788677
    45.416695
    38.404930
    33.648357
    36.351040
    36.555603
    51.793999
    64.037285
    62.801247
    62.201820
    55.922836
    43.444569
    35.591286
    30.207592
    31.418015
    35.621384
    39.755363
    59.778271
    67.056351
    71.107246
    57.332329
    42.143406
    33.071838
    27.951958
    16.685490
    30.045771
    35.649403
    43.996738
    69.119110
    78.429977
    57.036827
    40.397373
    30.404856
    29.346849
     7.588054
     9.010348
    20.839020
    38.663425
    48.712826
    60.178371
    45.401367
    37.244267
    29.631834
    22.870480
     6.345536
     6.229257
     7.118878
    15.046776
    27.972408
    37.667542
    32.625172
    23.989077
    17.411589
    11.310341
     2.348498
     6.340434
     4.772528
     8.103044
    13.400023
    17.346876
    15.137619
    12.774069
    10.057643
     7.672643
    11.884930
    11.344119
     9.051207
     6.384216
     5.076335
     1.667407
     0.720654
     0.795465
    -0.346524
     0.554663
    13.749880
    17.576580
    21.603539
    18.998327
    14.724597
    10.841513
     6.043754
     2.224915
     2.954224
     1.582120
    29.964682
    33.291954
    27.581856
    23.632322
    22.617788
    20.254623
    18.790701
     7.854762
     5.325733
    -0.095956
    42.900780
    33.624634
    33.463306
    29.451365
    25.910904
    21.891781
    20.972618
    21.884678
    12.711384
     5.917058
    44.166595
    50.766590
    45.394825
    40.119141
    31.741287
    25.726894
    26.516178
    29.123699
    35.511593
    13.436952
    58.132969
    82.960312
    64.165878
    38.241184
    31.030605
    30.778194
    32.242340
    32.365780
    30.903519
    12.747869
    64.659813
    60.784565
    43.035004
    32.968723
    28.201672
    27.148525
    31.337406
    38.335415
    33.157501
    15.596893
    52.439720
    52.519718
    48.974884
    34.321854
    29.211300
    28.617613
    33.111450
    35.424870
    33.387890
    25.211252
    47.722408
    47.615326
    44.890755
    32.869606
    30.481680
    33.054073
    34.625935
    34.453899
    35.448524
    27.546127
    47.267963
    44.794052
    37.809479
    45.831745
    34.553089
    34.393181
    36.056042
    35.109318
    34.674461
    31.079424
    48.310986
    41.849571
    46.037975
    45.659733
    38.916058
    39.283672
    35.389404
    34.212166
    33.218376
    31.394136
    45.234928
    42.555496
    46.879513
    46.806801
    48.436459
    43.981197
    41.210880
    35.865288
    34.382168
    30.700457
    46.189030
    43.317844
    51.349216
    58.118210
    57.803089
    49.476830
    44.738647
    40.332550
    35.579033
    31.274359
    44.072453
    42.213791
    52.588913
    62.031059
    56.565430
    56.728451
    50.876854
    40.073906
    36.449890
    31.443232
    41.044296
    36.976185
    47.576263
    64.283905
    56.721127
    61.879814
    56.945145
    45.222691
    35.792614
    27.161636
    30.067322
    39.846291
    37.528206
    38.780270
    57.216370
    63.721416
    61.763218
    46.189251
    33.533138
    27.730154
    12.038551
    22.726044
    31.531399
    38.900364
    46.228771
    69.329514
    57.402302
    37.215191
    30.321680
    22.715939
     6.497859
     8.587334
    10.824453
    20.756790
    37.008709
    58.937572
    46.290188
    32.966644
    19.348141
    11.004340
     5.705682
     4.851954
     7.183809
     7.216935
    14.350808
    18.019226
    17.244076
    13.447304
     9.348639
     4.404768
     1.381619
     6.187398
     6.311331
     6.499922
     6.911608
     9.291002
    10.707180
     7.199925
     1.715574
     0.088683
    19.439198
    16.441101
    11.348853
     7.007377
     4.530660
     2.903345
     1.319797
    -3.544743
    -5.448689
    -3.666011
    26.220219
    28.766933
    12.912464
     9.787550
     8.219039
     3.607384
     2.833361
     2.697108
    -4.715231
    -5.710633
    36.050362
    35.492672
    28.431879
    23.986891
    18.781033
    15.414226
     7.956190
     3.225160
     2.239407
    -6.215583
    46.650444
    37.634552
    34.973091
    34.532425
    27.648870
    23.382677
    18.759239
    15.678122
     4.996623
    -3.684460
    52.625816
    52.095585
    50.780968
    41.649525
    34.210976
    28.087202
    24.793062
    25.499899
    21.055082
     1.734881
    54.436481
    82.460632
    72.282425
    52.404991
    36.713158
    31.008675
    31.076485
    34.478592
    34.276592
     9.945841
    79.649818
    66.344261
    53.031143
    40.527046
    32.234535
    28.786238
    27.454567
    36.589558
    30.373703
    20.394184
    57.811451
    60.424805
    52.671310
    45.380802
    36.348282
    30.725391
    30.270838
    31.568800
    28.221901
    18.042137
    55.356983
    54.946693
    56.426327
    47.947105
    39.038330
    29.766254
    30.889931
    30.725460
    32.174801
    25.187271
    52.626637
    54.239418
    55.952267
    47.179497
    36.450092
    37.894917
    38.197971
    35.458397
    32.186211
    26.812012
    51.840775
    52.579433
    44.831638
    45.699299
    42.703804
    45.694954
    44.254162
    38.887363
    36.573284
    30.361134
    50.635632
    48.849998
    44.748920
    47.947323
    45.036407
    45.183464
    46.417690
    41.323696
    37.589813
    30.139561
    50.064548
    51.091827
    49.355114
    53.325958
    50.436947
    45.394180
    47.557289
    43.608459
    36.162296
    29.585300
    44.484344
    50.563774
    52.396423
    64.074554
    55.901886
    50.430984
    49.511688
    43.368664
    33.821445
    27.305750
    41.462559
    45.217293
    47.139965
    48.059582
    47.098324
    44.005329
    41.595894
    41.595406
    31.219990
    23.278751
    31.674349
    37.916584
    43.398239
    47.694798
    42.358009
    47.189339
    54.482292
    40.346149
    28.428066
    15.619415
    12.821350
    25.437872
    28.801750
    32.703930
    34.306709
    43.815319
    39.716927
    31.519146
    18.073505
     8.104101
     5.339240
     6.279819
     8.145198
    13.522881
    15.155985
    16.845709
    13.485637
     9.908055
     4.360441
     2.363420
     5.225760
     4.571691
     4.275385
     6.631264
     9.730959
     9.054054
     6.277711
     2.834232
     2.237530
    -3.419731
    -2.089263
     0.953599
     2.518342
     5.528085
     6.033879
     6.540811
     5.224938
    -0.386704
    -3.890215
    -4.646618
    26.843931
    24.503159
    16.383284
     7.624265
     3.527021
     1.432057
    -1.018077
    -7.313476
    -9.889500
    -7.163080
    33.117229
    34.010284
    18.499405
    10.622374
     8.582538
     3.103031
     1.039124
     0.616603
    -7.275683
    -8.091460
    42.589989
    43.560619
    33.538330
    24.397892
    23.324406
    17.164562
     6.896389
     3.211219
     3.478878
    -9.081632
    43.697418
    45.518478
    42.816299
    39.724483
    33.265347
    23.885250
    19.772583
    15.086439
     5.420810
    -2.786101
    53.458092
    62.497318
    59.334431
    49.332161
    37.335041
    29.910009
    23.502962
    19.937031
    16.130850
     0.053431
    71.091057
    97.538010
    79.653580
    57.513542
    43.855759
    32.585876
    26.735874
    25.312738
    23.715704
     9.176418
    86.830002
    87.669769
    69.326241
    48.821922
    35.887245
    31.002277
    29.148222
    34.554787
    29.198713
    15.151475
    71.653091
    71.340080
    72.701797
    53.125351
    39.665791
    31.523779
    31.195400
    37.762745
    27.338272
    14.821619
    60.163074
    66.268272
    71.569740
    59.889874
    44.013577
    36.521370
    32.785816
    37.591785
    31.440506
    20.482018
    58.602989
    63.352196
    68.563972
    61.849884
    45.963776
    36.058311
    35.344440
    37.014526
    27.482344
    23.720160
    56.760586
    57.243256
    58.062531
    57.617577
    48.787766
    41.760490
    40.337452
    39.898140
    27.103384
    23.735687
    54.734612
    56.445667
    55.217190
    54.561253
    49.147594
    39.718361
    42.599277
    41.669472
    28.863525
    24.627266
    52.192635
    59.214718
    62.194214
    62.676456
    53.904190
    44.244869
    48.524364
    38.804176
    27.570618
    24.143578
    46.372101
    57.017258
    72.896233
    81.527985
    59.936470
    48.624809
    47.595745
    35.243057
    26.996677
    19.453682
    34.241749
    48.631744
    60.104488
    60.622902
    49.578484
    44.590137
    46.781620
    34.047031
    23.599277
    13.818978
    27.181194
    33.147930
    40.102718
    45.099331
    39.449661
    39.616070
    40.995842
    28.355438
    18.976805
     6.665009
    15.670820
    20.081417
    28.129705
    30.135937
    32.665459
    32.935677
    29.637327
    18.543556
     9.452284
     2.000108
     5.027913
     6.189874
     9.425417
    10.198689
    15.473053
    16.092831
    12.668886
     6.460960
     2.232565
     1.702598
     0.080123
     2.027843
     2.734854
     2.556338
     4.940799
     3.938682
     3.290614
     2.864341
     2.098196
    -3.378192
    -3.572482
    -2.712789
    -1.974280
    -1.992288
    -0.403202
     1.625082
     1.175302
    -3.394623
    -4.769087
    -6.871813
    25.555197
    21.557922
    14.642890
    10.343997
     7.108697
     4.542036
     0.142281
    -5.502289
    -9.984911
   -10.964581
    32.604736
    25.167562
    19.683998
    18.733597
    14.632138
     9.605694
     3.056910
     0.380976
    -7.647070
    -9.382290
    41.687237
    42.257931
    36.389759
    29.305019
    24.487103
    16.255541
    14.327765
     2.639453
     1.085608
   -10.319818
    50.549618
    55.291325
    49.091801
    40.898998
    32.201927
    24.027988
    18.828812
    14.806204
     4.273225
    -1.593055
    75.010323
    78.974205
    65.959892
    52.358624
    39.162106
    29.381048
    22.142363
    19.497154
    17.497719
    -0.845215
   109.384338
   129.393326
    86.515160
    64.954498
    46.591320
    33.078136
    26.632114
    22.671934
    20.462078
     8.014097
    95.604431
   125.827667
    71.438187
    46.389370
    37.229786
    33.085419
    31.798122
    27.751953
    25.697153
    10.099563
    82.083466
    88.289864
    74.351837
    53.156124
    41.954597
    33.672981
    31.276726
    34.283394
    26.615685
    15.828444
    69.621613
    65.340904
    72.057327
    61.384464
    44.980450
    35.443222
    32.863834
    31.968109
    27.345999
    20.719843
    63.571327
    70.667267
    90.803940
    65.009224
    45.939106
    35.549694
    30.427401
    30.064035
    26.148748
    22.820547
    57.937920
    69.007278
    84.970497
    66.297600
    46.833714
    36.426788
    32.378418
    28.482838
    24.078360
    20.680634
    53.149117
    64.093338
    75.723724
    68.995323
    50.287918
    39.291546
    37.450256
    29.859070
    23.505486
    20.563747
    51.107365
    63.220734
    82.473083
    95.997032
    58.518307
    45.471962
    36.114990
    28.467352
    23.734529
    20.547539
    41.999039
    54.063206
    82.986740
   111.242393
    68.250870
    45.403851
    35.182228
    27.610353
    24.339344
    19.371983
    31.328087
    37.861546
    56.439903
    63.325832
    51.948601
    42.241207
    35.189827
    28.804777
    21.494431
    12.068222
    22.172989
    29.404221
    32.818817
    38.664783
    38.034466
    35.231689
    30.437565
    21.546005
    14.353415
     6.583000
    10.792636
    18.582209
    24.023621
    25.022158
    26.411659
    23.351276
    22.288855
    14.111582
     5.978917
     4.048908
     4.792390
     5.680306
     9.185827
    12.001623
    14.236761
    13.773720
    10.614944
     6.331937
     2.475105
     0.084508
     2.634010
     1.499796
     2.271008
     3.625373
     3.900412
     4.425630
     3.167984
     1.819641
    -1.960100
    -6.319026
    -5.476917
    -3.858347
     1.431624
     1.670773
     1.596210
     1.581351
    -1.843296
    -3.958588
    -6.558416
    -8.321712
    25.985008
    21.906000
    17.724401
    12.852977
    13.694977
     8.804671
     2.491008
    -6.883407
    -9.948034
   -11.423315
    32.191433
    29.895718
    23.534437
    21.521225
    18.755997
    14.758550
     9.750600
     0.712266
    -9.436170
   -10.980421
    42.773560
    51.796711
    40.366001
    30.907242
    24.500935
    19.445665
    15.310298
     6.706058
    -2.221642
   -11.691226
    63.721466
    73.101158
    52.053989
    40.007614
    34.484600
    26.896578
    18.970592
    16.309441
    -0.416799
    -7.153273
    89.596672
    96.288269
    75.839119
    54.303047
    39.384193
    28.698263
    23.487560
    18.349504
    15.467785
    -0.514477
   124.731544
   128.451416
    87.921562
    65.592018
    47.951298
    33.430954
    27.301905
    19.200602
    16.708138
     2.642269
    99.493484
   127.897270
    93.344002
    51.081806
    35.659622
    33.884865
    28.104277
    23.814003
    21.771587
     8.385155
    89.065643
    76.963837
    68.320961
    50.931042
    39.871643
    32.598297
    27.439342
    25.987608
    22.844624
     9.174697
    69.893448
    72.588425
    70.572578
    54.786095
    44.066471
    35.897133
    30.704376
    29.592546
    24.474230
    18.010628
    62.618130
    71.740250
    81.335495
    70.211121
    52.399113
    38.060482
    32.712368
    30.835712
    24.316675
    20.472250
    56.345894
    68.286346
    80.401215
    75.324417
    56.139847
    40.916557
    35.424309
    28.095892
    26.084299
    20.988026
    51.219604
    66.733734
    79.230301
    82.977730
    53.994152
    47.357998
    36.276466
    27.560417
    23.810520
    21.000505
    48.371361
    57.137531
    77.540565
    78.622238
    62.029259
    46.431431
    31.146240
    27.563610
    20.458786
    19.755003
    38.134155
    46.102318
    60.337708
    65.512718
    50.951698
    38.859097
    31.786564
    24.485865
    20.402763
    18.651066
    25.826443
    33.164433
    39.264133
    52.157669
    40.704933
    32.903221
    25.570732
    22.569988
    18.087891
    10.342810
    18.785976
    26.904057
    28.357613
    29.964924
    27.248098
    24.745426
    21.856277
    17.712111
    12.730249
     5.813372
     9.449499
    15.256907
    21.589315
    21.391773
    20.465221
    18.602936
    17.136969
    11.868098
     5.713888
     3.312341
     3.734460
     7.088990
     9.516514
    11.901479
    11.208984
     8.605809
     9.446730
     5.249705
     3.026274
     0.282436
     1.616461
     2.568737
     2.140409
     2.805297
     2.429172
     3.042751
     1.868842
     1.147681
     0.505997
    -8.736217
    -4.124161
     1.166175
     1.876211
     1.765953
     1.453853
     1.329020
     1.167605
    -0.942050
    -6.991067
    -9.633033
    26.252001
    24.069147
    19.936220
    15.229005
    11.307117
     6.925149
     3.426790
    -9.189605
   -10.811046
   -11.440889
    33.951046
    31.382225
    25.979799
    18.253479
    15.574833
    12.352331
     9.289168
     2.489796
   -11.830662
   -11.838708
    43.661118
    45.518589
    40.497162
    33.058083
    25.920834
    20.128347
    17.300861
     7.858885
    -0.765759
   -12.790607
    62.306210
    73.470253
    57.170277
    40.947361
    31.094339
    24.124975
    20.152992
    16.851021
     1.883618
   -13.358198
    85.496132
    90.209373
    74.634804
    55.227432
    41.144669
    31.717062
    23.593893
    20.456821
     9.675914
    -1.869499
   116.652199
   115.832382
    84.132271
    59.829514
    44.036583
    33.807549
    24.859098
    20.999332
    17.822483
     0.538147
   100.217384
   110.256317
    90.590279
    65.931198
    48.884911
    35.987030
    28.189882
    21.638355
    24.208069
     4.013043
    83.158775
    86.692711
    72.304741
    57.677124
    42.466961
    37.915760
    31.032766
    24.570650
    25.805342
     5.767333
    69.351044
    72.192207
    63.939533
    53.465168
    49.026035
    39.824867
    35.296108
    26.494736
    28.214651
     4.180696
    58.483219
    61.993748
    69.863457
    64.418434
    54.444630
    45.149399
    34.576790
    25.739557
    27.632452
    12.356698
    53.747757
    60.145653
    79.082764
    72.925667
    68.141174
    51.093388
    34.972939
    28.857054
    20.646324
    11.119604
    50.163963
    61.294521
    79.679512
    93.817001
    68.164383
    51.387283
    29.665899
    28.145496
    20.429546
    16.635134
    46.859634
    57.369949
    78.299599
    75.379265
    50.827118
    36.284882
    32.056274
    22.267923
    20.650064
    17.923849
    40.037640
    47.272854
    58.290047
    58.038982
    45.716206
    34.289654
    25.997761
    20.979069
    18.985542
    15.715582
    22.119370
    38.410210
    40.663597
    38.902603
    32.865196
    27.629242
    23.116251
    18.878761
    18.355398
     7.545882
    13.373809
    29.646767
    30.678820
    28.279919
    25.373083
    22.529844
    19.612890
    13.240899
     8.522558
     6.465346
     6.253587
    14.729248
    17.881563
    20.538582
    20.543533
    15.525187
    10.180395
     7.175467
     5.611196
     4.173620
     4.017144
     4.475571
     6.677007
     5.845522
     7.590442
     6.327105
     5.514195
     4.212759
     3.466291
     0.238794
     0.730503
     1.980724
     2.203055
     2.074151
     2.364256
     2.545634
     2.702994
     0.858410
     0.996778
    -5.511367
    -3.962865
    -3.725996
     0.273745
     1.404146
     1.799972
     1.792602
     0.909941
    -4.827548
    -5.286636
    -7.803790
    29.203323
    26.408081
    21.335276
    16.337387
    11.173144
     7.461683
     3.868488
    -3.973951
   -11.315560
   -15.537024
    35.420086
    32.532600
    26.931246
    20.648624
    13.256028
     9.067905
     6.282844
     3.843171
   -10.344932
   -14.876498
    43.189209
    39.831753
    34.505810
    31.370968
    23.383350
    16.178635
    10.208318
     6.172221
     1.029473
   -14.151716
    57.412159
    59.254704
    49.575115
    41.389145
    33.767147
    27.769604
    22.581820
    10.777147
     1.335509
   -13.370160
    74.499016
    74.157120
    62.995045
    51.834152
    41.761723
    32.460625
    25.182226
    21.393888
     4.531559
   -12.861185
    90.208366
   109.149422
    77.125320
    54.246269
    41.745316
    34.931393
    30.390816
    30.220533
    14.695612
     0.615826
   101.641098
   109.875473
    75.730141
    54.612347
    44.706066
    38.435211
    31.903042
    27.943907
    22.798803
     4.943368
    73.002586
    75.221230
    67.488808
    55.493828
    44.953060
    39.211971
    38.854549
    39.127396
    24.637417
     5.506232
    58.979660
    61.071327
    57.658192
    52.502468
    44.980721
    45.719620
    36.329395
    35.153915
    23.271133
     6.369006
    53.703373
    56.088726
    53.275009
    49.780643
    47.852676
    50.254524
    31.349262
    35.292015
    25.112827
     6.462872
    49.549347
    51.102406
    54.767380
    57.511574
    52.247486
    40.431416
    34.019615
    34.773026
    24.047972
     6.562065
    46.574303
    47.975948
    57.621399
    63.396431
    50.642921
    44.713150
    38.988003
    25.288906
    19.146414
     9.769239
    39.075935
    43.507092
    57.764549
    65.564079
    64.227608
    41.084564
    30.899395
    26.511032
    17.468496
    11.252050
    34.617630
    39.621933
    51.270638
    55.903103
    51.400013
    38.524937
    30.202003
    24.394581
    15.300875
     9.914171
    13.575933
    25.047844
    36.189354
    43.661388
    40.475647
    32.105171
    26.684450
    21.053234
    11.473929
     8.565958
    10.595102
    13.330529
    17.850101
    25.182093
    24.844383
    25.458687
    20.849741
    12.054857
     8.364062
     3.935124
     6.626946
     6.751861
     8.386292
    11.474257
    12.410911
    10.557781
     6.970048
     7.554808
     3.481462
     2.401636
     4.972617
     4.384524
     4.017174
     4.110312
     4.926195
     4.840083
     5.226584
     2.624153
     0.793377
    -5.189466
    -4.164058
     2.507757
     3.000683
     2.531920
     2.568689
     2.828431
     2.707757
    -2.061071
    -5.324239
    -4.808139
    -6.060877
    -7.070127
    -3.768715
    -2.950119
    -2.285129
    -4.540704
    -5.890864
    -5.715590
    -4.487483
    -3.747488
    33.499130
    31.616413
    23.053970
    17.463200
    12.022167
     8.447929
     3.429706
    -4.742543
    -6.969513
   -11.635868
    39.390797
    37.275864
    28.447308
    20.519218
    13.642779
     9.005033
     5.224679
     5.000373
    -7.546822
   -13.207976
    46.577763
    42.562397
    34.609936
    26.215315
    16.452562
    11.770452
     6.440106
     4.553348
     4.749070
   -12.208344
    59.883461
    60.135956
    50.002224
    41.536030
    34.784283
    25.355289
    13.943585
     4.977552
     2.175689
   -11.719527
    69.654556
    72.656181
    59.512196
    46.283226
    36.898384
    37.631947
    33.505722
    15.392861
     3.147290
   -10.576749
    90.402611
    92.522873
    66.245468
    51.115074
    39.278755
    32.921146
    39.427517
    33.980122
    12.235731
    -7.377968
    82.079742
    90.913734
    66.392097
    52.093285
    42.674564
    38.019249
    38.571110
    53.367325
    17.489765
     0.390517
    66.012108
    67.074364
    56.157604
    46.723869
    41.981224
    39.761398
    40.902309
    56.821877
    24.496531
     2.002886
    56.286163
    51.847149
    48.227226
    44.562988
    43.933270
    41.441864
    31.941349
    53.087883
    23.318167
     2.167364
    50.046154
    46.664238
    48.138889
    46.245998
    42.295895
    33.164936
    46.856297
    48.478832
    16.730267
     6.601963
    45.844219
    44.212925
    47.276844
    43.439819
    38.186718
    35.210533
    45.696335
    27.390991
    15.564672
    11.303801
    42.044529
    45.685726
    52.945305
    50.269714
    48.756935
    39.511314
    31.645893
    25.143847
    14.945575
    12.736848
    35.567738
    40.141239
    42.357922
    44.291885
    48.690071
    37.138985
    26.760046
    19.438782
    13.918386
    12.727288
    15.330586
    25.673399
    39.866241
    54.787399
    39.077991
    32.590717
    19.500664
    16.151432
    14.843641
     8.982920
    10.203291
    12.513573
    18.220171
    24.977057
    24.882177
    21.379631
    16.583649
    15.872244
    13.371444
     6.491845
     9.795108
     9.742841
    10.277270
    14.816004
    14.812681
    15.908998
    13.304079
    12.951808
     6.815563
     4.566153
     9.438275
     7.844673
     6.733312
     9.074924
     9.134618
     9.130678
     9.004972
     7.277469
     6.083554
    -0.321239
     1.991775
     6.455037
     7.316271
     6.570798
     7.289407
     7.708157
     7.700154
     6.007049
    -2.451128
    -3.590934
    -3.216359
    -3.213970
    -1.138499
     0.881679
     3.440312
     1.185993
    -0.893160
    -2.566450
    -0.927682
    -0.630192
    -5.256021
    -5.050068
    -5.332857
    -5.241761
    -4.731596
    -3.661259
    -1.495566
     1.047791
     1.726290
    -0.076626
    33.440304
    31.505398
    24.025162
    18.193134
    12.456452
     8.891764
    -1.113191
    -3.001192
    -4.336904
    -9.081534
    45.781792
    45.770123
    30.988491
    21.689556
    14.116345
     9.144941
    10.599627
    -1.044267
    -4.673977
    -9.240601
    55.425625
    56.760822
    37.570175
    25.262016
    16.227531
    10.338264
     7.337314
    10.660604
    -2.688360
   -10.652389
    62.454147
    70.701103
    50.673286
    33.116253
    19.829672
    13.538448
     9.643761
     6.320280
     8.866952
    -7.784239
    76.449425
    76.195068
    57.900726
    45.298252
    39.188564
    31.054749
    25.710396
    10.859361
     9.883837
    -8.932495
    64.731140
    66.109444
    54.612118
    44.297070
    41.653908
    41.293140
    43.675636
    30.813116
     6.684867
    -7.978768
    57.583809
    55.527374
    48.696045
    43.686024
    39.538136
    40.629036
    48.293179
    32.963223
     7.804292
    -5.617035
    50.281048
    51.392586
    47.732815
    40.129086
    36.061420
    41.539120
    46.773880
    31.715780
    12.553464
    -0.422657
    49.619053
    48.111706
    43.225964
    37.497307
    33.027508
    36.087151
    48.809509
    31.380276
    15.510807
     2.766467
    45.250072
    47.654743
    42.437527
    36.171249
    32.213879
    42.847633
    42.438454
    35.680340
    15.425299
     2.729393
    42.217434
    45.282425
    51.792492
    42.633816
    41.785831
    37.069214
    33.249214
    25.214706
    18.516607
     4.195175
    37.879333
    40.472462
    40.948967
    39.283455
    37.094959
    30.545584
    26.078564
    35.679539
    20.291416
     6.633845
    21.580513
    25.372494
    35.907585
    39.631092
    32.964672
    23.156792
    24.799917
    36.366474
    20.817167
     7.090456
    11.300447
    12.512189
    17.547321
    22.365231
    22.251255
    19.505396
    25.268826
    27.617191
    16.308031
     7.894566
    11.235498
    10.239215
    12.407832
    24.727390
    22.534843
    19.923597
    20.681532
    20.921362
    10.468484
     6.353822
    12.395086
    12.615655
    12.073458
    16.664331
    16.236559
    13.389869
    12.475759
    14.029524
     8.755793
     4.347164
     9.082424
    10.779266
    17.110977
    20.103123
    19.254934
    17.503168
    15.134012
    10.251398
     8.144889
     0.055628
     0.116527
     1.474778
     5.077447
    11.807566
    11.603911
     8.473818
     8.671643
     5.545569
     5.949157
     2.694474
    -2.800997
    -2.775968
    -3.299580
    -2.294870
    -1.949944
     0.204082
     6.246480
    16.653179
    12.742674
     5.818807
    -3.472467
    -3.170045
    -2.832302
    -1.296061
     0.095151
     2.097850
     8.523683
    22.720303
    13.894107
     5.090767
    32.638275
    32.115143
    25.677431
    17.407848
    12.904284
     3.845529
     1.783862
    -1.338610
    -1.255859
    -6.705170
    45.975540
    44.949368
    31.115021
    21.745228
    17.699463
    15.130954
     6.647605
     1.029132
    -2.513190
    -5.632981
    59.488991
    61.350250
    37.094574
    23.590830
    16.030315
    14.998272
    22.619221
     9.687240
    -0.610405
    -2.692228
    63.077717
    65.226929
    39.867065
    26.070335
    18.390211
    13.630736
    19.749737
    19.629457
     0.890336
    -3.533273
    66.411125
    70.312378
    44.830799
    29.851425
    20.233395
    16.780693
    13.550543
    22.556725
     2.037179
    -5.291653
    52.135185
    54.955864
    48.708256
    39.916496
    30.803875
    23.204508
    17.572857
     8.978392
     5.092675
    -8.105206
    47.862583
    43.596611
    39.953148
    36.896862
    32.261547
    30.295876
    25.397858
     9.527562
     5.806910
    -7.396588
    40.698364
    40.703926
    39.518993
    37.371876
    33.779461
    26.793848
    23.184175
     9.366850
     3.395309
    -6.330349
    40.048603
    39.867847
    37.797768
    37.422813
    34.330601
    29.221930
    26.487764
    14.250837
     2.199045
    -4.012925
    38.730564
    41.599228
    42.016483
    39.056740
    33.034084
    26.278151
    22.725765
    17.374306
     2.073797
    -0.788208
    36.319660
    38.462269
    46.989010
    39.405197
    32.812103
    25.273272
    18.067623
    10.375455
     3.427357
     5.377005
    21.926905
    26.489346
    32.193703
    28.616404
    23.069595
    20.682222
    20.195162
    10.998324
     5.503705
     8.124405
    14.592742
    16.649782
    17.773556
    17.655125
    13.636196
    15.327045
    19.493776
    12.928682
     7.092336
     8.714407
    12.728292
    11.569284
    12.330944
    13.406602
    13.149871
    12.738244
    13.973372
    21.013411
    13.001867
     8.045099
    12.723087
    16.100723
    17.821287
    28.083555
    26.525188
    19.488413
    18.956902
    19.175188
    16.574030
     4.721727
     9.462800
    14.374870
    24.229460
    49.848293
    43.571022
    24.236828
    15.360657
    24.621817
     8.928908
     3.394526
     1.405028
     3.610262
    12.645488
    25.954407
    24.152802
    14.104730
    14.257868
    15.122938
    11.094950
     5.463064
    -0.813765
    -0.368912
     1.666576
     5.528433
     7.726101
     3.319067
     7.175494
    23.149797
    16.047819
     7.677292
    -2.091114
    -0.561571
     1.327311
     4.875096
     7.748296
     8.334472
    13.176809
    23.953468
    16.576738
     8.084137
    -2.117469
    -0.805480
     0.987424
     2.556552
     5.737685
     6.795047
    12.884654
    18.996824
    13.426035
     6.856463
    27.496216
    28.318279
    18.407532
    11.894467
     7.441764
     4.488113
     2.775734
     0.888605
     0.691982
    -5.906432
    43.326736
    44.687122
    29.491627
    20.657558
    14.508099
    11.804544
     7.272346
     2.512013
     0.459341
    -4.651270
    54.800251
    59.381470
    36.919506
    26.044506
    22.307177
    20.210226
    24.555595
     7.336968
    -0.148982
    -3.123979
    56.478580
    54.514805
    35.178204
    23.398455
    18.501431
    22.703390
    25.611315
     9.390350
     0.542575
    -3.337249
    44.557819
    43.767361
    31.033062
    21.967255
    16.029213
    12.179039
    19.568220
    13.239984
    -1.005190
    -4.366201
    33.953785
    35.828587
    29.790222
    22.142216
    16.465588
    10.319144
    12.828042
    11.779697
    -0.888864
    -6.499856
    31.972229
    34.629684
    33.759979
    28.207067
    20.153809
    11.900918
     9.628557
     7.643215
    -4.635002
    -5.672898
    32.286705
    32.854038
    35.884804
    32.914722
    21.550751
    14.663705
    11.743568
     6.580699
    -2.902168
    -5.578115
    30.173119
    37.138157
    35.130783
    32.402832
    26.108850
    18.469698
    14.313668
     4.814903
    -4.268005
    -4.186699
    27.762222
    34.194241
    36.357094
    28.379210
    23.861738
    15.772413
     9.488598
     4.227214
     2.971359
    -1.497821
    18.569324
    24.212286
    30.280437
    23.698599
    18.573423
    13.419149
     5.690262
     7.048096
     5.652404
    -0.101229
    14.363087
    15.929388
    18.999609
    18.045860
    12.595431
     8.377133
     7.353629
     8.082851
     8.797148
     0.813227
    11.269144
    13.156019
    12.830735
    11.691911
    11.855468
    11.435481
     9.637491
    10.402612
     8.898739
     3.451119
     5.133502
    10.495109
    15.122633
    17.011553
    16.605707
    12.909258
    12.718958
    13.808822
     7.087509
     2.449658
     3.692021
     8.888971
    16.119425
    20.941113
    18.875895
    14.353152
    14.085171
    12.386548
     5.344738
     3.000551
     0.982959
     2.672109
    10.236132
    22.441126
    20.852156
    13.381948
    10.427802
     7.722094
     4.541989
     5.337202
     0.705578
     1.840898
     4.435792
     9.955673
    12.521837
     5.553216
     5.128285
     8.908621
    10.982946
     6.575542
     1.120065
     2.398468
     5.512317
    11.046464
    16.112337
    11.837074
    11.258581
    13.127448
    10.550910
     6.974911
    -1.009836
     0.916721
     3.474600
    10.195699
    18.587143
    11.233656
    11.502680
    12.067237
    10.014342
     7.445529
    -0.129424
     0.866921
     3.476722
    10.207355
    19.875114
    12.188294
    10.028480
    10.048770
     8.129364
     6.285077
 